0	6
16384	18
16386	20
2	25
3	16
16388	42
16389	1
6	3
8	24
9	1
16393	24
10	40
16397	4
13	16
15	5
16	2
16403	50
21	22
16406	6
22	1
16407	2
24	28
25	35
16411	7
27	3
16412	3
29	17
16414	14
16415	2
16417	41
16418	26
34	46
35	23
16419	1
16420	20
16421	2
16424	1
16425	33
41	22
16426	1
16427	1
16428	8
45	2
46	1
16433	12
49	1
16434	6
16435	1
16436	4
55	2
16441	13
58	1
16443	1
16444	7
60	7
61	1
16445	5
62	1
16446	1
63	24
16447	17
64	25
16448	6
65	1
16450	5
67	44
68	8
69	3
70	10
16454	15
71	22
16456	4
72	2
74	2
16459	1
76	1
77	53
16461	6
79	1
16464	38
80	2
82	1
16467	9
16468	14
85	3
86	1
16471	2
16472	9
88	1
16473	8
90	1
16475	13
16476	4
93	23
16477	2
16478	49
16479	28
95	1
16480	7
97	8
16481	1
99	2
16483	11
16484	1
16485	1
16486	15
102	1
16488	6
16489	7
105	1
106	8
16491	5
110	4
16494	9
16495	5
113	2
16497	3
16499	7
116	38
117	6
16502	23
119	26
120	1
16504	6
16505	3
16506	2
124	20
16508	7
125	10
16510	3
127	10
16511	4
128	10
16513	1
129	2
130	23
16515	18
131	14
132	4
133	6
16519	2
135	1
138	43
16522	2
16523	1
140	26
16524	1
16525	33
141	15
144	1
16529	3
146	2
16530	1
147	1
16533	4
149	2
16534	6
16535	1
16536	9
153	2
16537	4
154	7
16539	48
155	1
16540	12
156	1
16541	6
16542	13
158	23
16543	5
160	15
16544	10
16545	2
162	46
16547	17
16549	1
16550	7
16551	1
167	23
16552	3
16555	19
171	6
16556	5
16557	4
16558	2
16559	1
177	56
16563	21
180	10
16565	1
181	1
16566	1
16567	3
185	1
16569	10
186	18
16572	1
189	21
191	7
192	10
16576	13
193	13
16577	1
16578	2
195	1
16580	1
199	7
16583	29
201	1
16586	18
202	5
16589	9
205	1
16590	9
207	74
16591	1
208	1
209	1
16594	2
210	36
16595	7
16596	1
16597	6
16598	14
16599	1
16600	19
16601	21
218	28
16602	15
16603	14
219	10
16604	3
16606	1
223	1
16608	13
224	1
16610	1
227	1
16611	3
16613	1
230	1
16614	1
16616	58
16617	6
235	2
16619	11
16622	1
238	27
16624	10
241	27
16626	2
242	5
16627	11
16628	10
244	1
245	1
246	4
16630	4
247	22
248	6
16632	1
16633	2
250	20
251	1
252	30
253	25
16637	7
254	15
255	10
16639	3
256	3
16641	1
257	2
259	1
260	19
16644	26
16647	14
16648	2
265	2
16650	11
16651	5
268	15
269	19
16655	12
271	2
16656	7
273	1
16658	16
16659	22
276	8
16660	1
16661	26
16662	13
278	6
279	6
16663	2
280	20
16664	3
283	7
16669	38
285	2
16671	7
16672	16
289	4
16674	1
291	12
16675	1
293	3
16677	2
16679	1
296	19
16680	3
299	21
16684	1
16685	14
302	25
16686	1
303	8
16687	1
304	12
16688	1
305	1
16689	14
16691	20
16692	1
309	18
16693	26
311	20
313	6
314	47
16698	24
315	15
316	11
16702	3
320	5
321	46
16705	1
16708	51
16711	8
16712	3
330	19
16715	1
16716	8
332	2
16717	14
16718	3
16719	1
16720	15
337	1
16721	2
16722	27
16723	46
339	1
16724	2
16725	22
341	23
16727	2
344	23
345	1
16730	32
346	6
16731	1
16732	1
16733	3
350	1
352	4
354	19
16738	9
16739	9
16741	1
360	23
16745	1
16746	30
363	32
364	9
16748	1
366	6
16750	20
16752	6
368	25
369	23
16753	3
16754	7
371	1
372	5
374	29
16759	9
375	2
376	38
16761	8
16763	8
379	7
16765	1
381	5
382	4
16766	6
16767	1
384	1
16768	1
385	2
16769	37
387	23
16772	6
16773	9
390	24
16774	14
391	33
16776	1
392	1
16777	22
393	2
16778	30
16779	2
395	16
16780	2
16781	37
16782	8
16783	4
399	1
16784	11
400	43
16785	18
401	21
16786	9
402	10
403	1
16791	53
407	21
411	3
413	2
16799	1
16800	3
16802	2
421	2
16807	24
424	1
426	6
16811	12
429	3
16813	2
432	20
16816	2
433	2
434	1
435	49
436	7
16820	5
438	5
16822	5
16824	8
440	9
443	18
16827	3
444	1
445	3
446	22
16830	40
16831	6
16833	28
16834	3
451	23
16836	4
452	2
453	17
16838	23
454	3
16839	22
16840	2
16842	15
459	11
16843	3
16844	29
16845	20
462	12
16846	22
16847	3
463	5
465	24
16849	5
466	1
467	1
16851	5
16852	6
16854	1
472	21
16857	19
16858	1
16860	15
476	2
16861	21
479	3
16865	17
482	47
16868	16
485	4
16870	23
486	9
16871	19
488	11
16874	1
490	25
491	25
16877	9
494	14
496	29
497	2
16881	4
498	29
499	3
16883	2
16885	2
501	6
503	5
16888	4
504	7
16891	6
509	24
16894	10
16895	1
16896	14
512	15
513	25
16899	4
16900	13
517	18
16902	9
16903	23
16904	6
520	2
16905	30
521	1
16906	16
522	29
16907	10
523	20
16908	6
524	17
525	1
16909	2
16913	33
529	13
16915	1
16916	4
533	5
535	3
16921	11
16922	5
16924	4
543	3
16929	28
546	3
548	7
16933	4
551	1
16935	11
552	20
16936	1
553	2
16938	1
16939	1
555	10
556	1
557	8
558	13
16942	16
559	8
16943	1
560	1
16944	2
561	3
16947	1
16949	8
565	6
567	1
16952	29
568	3
16953	5
570	2
16955	10
571	1
16956	5
573	56
574	4
16960	19
576	28
16961	8
16963	7
16964	12
16965	3
16966	27
16967	37
583	2
584	27
16968	9
585	17
16969	10
586	1
587	1
16971	3
588	2
16973	2
16974	17
590	1
16976	5
16977	8
594	1
16979	1
596	5
16980	1
16982	3
16983	6
601	9
16985	1
603	1
16987	1
604	30
16990	19
607	28
16991	1
608	5
16992	1
609	1
16993	2
16995	1
612	22
16996	11
613	25
16997	1
16998	2
615	4
16999	1
616	33
617	5
17001	1
618	4
619	17
17003	19
620	10
621	5
17005	2
17007	9
17009	1
626	63
17010	1
628	14
17013	41
629	5
631	1
17016	1
17017	4
17018	3
634	3
17020	1
17021	5
637	2
17022	14
17023	5
17024	2
17025	12
642	19
17027	38
17028	50
645	1
17029	5
17030	17
646	18
17031	1
648	7
17032	3
649	1
650	17
17034	1
17035	33
651	2
17037	2
17038	1
17039	1
655	15
657	1
659	8
17043	11
17044	16
17046	3
662	1
665	53
17049	1
17051	18
668	23
17053	5
17055	24
17056	3
17057	1
673	1
674	3
17058	7
675	18
17059	1
17060	1
677	12
679	26
680	44
17064	6
681	9
682	9
17066	9
683	1
17068	6
684	2
686	4
687	33
17071	16
689	2
17074	24
690	1
692	1
17077	22
17078	9
17079	15
695	13
696	18
17082	15
698	4
17083	24
17084	6
701	1
17086	35
17087	3
17088	5
17089	20
705	1
706	1
17090	5
17091	11
707	36
17093	1
710	23
17096	62
712	1
17098	5
17099	1
718	9
720	17
17104	2
17105	4
723	9
17107	3
726	29
17111	1
727	1
17112	29
729	38
730	11
17114	2
732	8
17116	24
734	25
17118	4
735	24
17119	1
736	1
17120	9
738	6
740	24
741	1
17125	2
742	27
743	1
17127	5
17129	5
745	4
747	5
748	4
17135	39
17136	3
753	21
17138	31
17139	9
17140	1
756	11
757	25
758	1
17143	10
17144	11
17145	1
761	16
17146	6
17147	15
17148	1
764	3
17149	24
17150	6
766	34
17151	8
767	20
17152	10
17153	2
17157	27
773	14
17158	1
17159	6
17160	5
777	5
17163	2
779	1
17165	21
17166	4
17167	1
784	2
17168	6
787	1
17173	21
790	11
17176	5
792	7
793	2
17177	6
794	1
795	14
17179	12
796	7
798	2
17182	1
799	18
800	1
801	27
802	6
17186	14
803	20
17187	1
804	2
17188	2
805	2
806	1
807	1
809	5
17193	16
811	1
17196	28
812	1
17197	4
814	6
17199	10
815	1
17200	3
817	37
17202	2
818	15
17203	1
17204	17
820	7
17205	28
17206	4
822	3
17207	1
823	1
17208	24
825	5
17210	30
17211	10
827	17
828	6
17212	21
17213	8
829	3
17214	2
831	2
17215	2
832	3
17217	4
17218	10
834	7
17221	2
838	4
17223	16
839	2
840	4
17226	20
17227	23
845	27
17229	1
17231	10
848	14
17234	2
851	9
852	3
17236	12
853	2
17237	10
17238	6
17239	1
856	22
17240	1
857	28
17241	2
17242	1
859	2
17243	6
860	38
861	11
862	7
863	20
17247	4
864	13
865	5
17249	10
17251	3
870	51
17254	10
872	1
17257	5
17260	9
17261	4
878	7
17262	1
17265	5
881	2
17266	2
17267	1
17268	16
17269	5
886	26
17271	51
17272	6
888	1
889	1
17273	1
17274	8
890	10
17275	1
17276	3
17279	17
895	1
17281	3
17282	11
899	8
17284	1
17285	1
902	1
17287	6
903	2
17288	2
17289	3
17290	2
17292	1
909	29
910	7
17295	10
912	23
17297	4
913	3
17298	10
915	2
17299	1
17301	15
917	21
918	23
17302	1
919	1
17304	3
921	13
923	26
924	3
17308	21
925	30
926	5
927	1
17312	2
928	6
930	4
17315	24
931	2
933	9
17318	30
17319	1
935	1
936	17
17321	4
17322	5
939	29
17324	3
940	28
17326	16
942	2
17327	22
17328	5
944	12
17330	24
947	2
17332	30
17333	17
949	25
950	18
17334	28
17335	10
951	1
17336	2
17337	4
954	1
17339	1
17340	6
956	11
17342	1
17343	2
960	3
17345	11
17346	1
962	6
964	1
17348	21
17349	22
967	4
17351	3
17353	7
970	8
17356	7
973	7
974	2
17358	10
17359	13
975	4
17360	13
977	1
17361	1
978	16
17362	1
17363	2
979	15
981	12
17365	3
982	30
983	3
984	14
985	9
17369	4
986	6
987	3
17371	7
17373	3
989	1
992	47
17376	12
994	2
17379	9
995	12
996	1
17380	1
17382	16
17383	7
17384	4
1000	1
1001	1
17387	5
1003	3
17388	7
1005	1
17390	10
1007	1
17391	19
17392	4
1008	26
1009	1
17393	32
17394	13
1010	1
17395	4
17396	10
1012	5
17397	2
1014	8
17399	2
1015	1
1016	2
17401	34
17403	1
17404	3
17405	1
1021	23
17407	1
17409	18
1025	3
17410	4
17411	1
17412	4
1031	52
1032	2
17417	25
1034	21
1035	2
17419	2
17420	2
17421	17
1038	1
1039	12
17423	9
1040	25
17424	1
1041	1
17425	1
1042	1
17426	1
1043	22
1044	1
1045	10
1046	20
17430	15
1047	7
1048	16
17434	2
1053	51
17437	12
1055	20
17440	34
1056	5
1057	1
17441	5
17443	11
1059	1
17444	4
1061	6
1062	3
17448	15
1064	4
17449	8
17451	15
17452	13
1069	8
17454	30
1070	1
17455	13
1071	1
1072	1
17456	4
1073	17
17457	5
1074	2
1075	13
1077	38
17462	31
17464	18
17465	17
1082	15
1084	3
17468	1
1086	10
17470	2
17471	1
17472	1
1088	1
1089	2
17473	4
1092	53
1093	1
17478	10
17479	3
1095	13
1096	6
17480	1
17481	1
1098	4
17482	20
17484	18
1100	25
1101	24
17485	2
17486	39
1103	2
1104	3
1105	1
1106	27
1107	5
17491	24
1108	30
1109	1
17495	4
1111	9
1113	6
1114	3
1116	7
1117	1
17501	49
17502	1
1119	24
17504	16
17505	4
17506	1
1122	10
1123	25
17509	4
17510	5
17511	1
1127	17
17512	9
17513	9
17514	1
1130	13
17515	37
17516	11
1132	30
17517	8
1133	20
17518	16
1134	1
17519	1
1136	1
17520	1
17521	1
1137	1
17523	26
1139	18
17525	1
17526	6
1143	4
17528	1
17529	1
17531	31
17532	4
17533	2
1150	1
17534	4
1152	2
1153	4
17539	11
1156	2
17541	2
1157	1
1158	10
17542	3
17543	5
1160	1
1161	19
17545	10
17546	1
1162	27
1163	1
1164	3
17548	1
1165	42
1166	10
1167	4
1168	7
17552	12
1169	14
17553	2
1170	6
17554	1
1175	55
17559	35
1177	1
17562	27
1178	3
17565	7
17566	6
17567	1
1183	2
1184	1
17570	9
1186	2
17571	10
17572	1
17573	2
1190	1
17574	16
17575	1
1191	28
17576	18
17577	14
1193	1
17578	15
1195	4
17579	2
17580	3
1197	2
17581	2
1198	1
17584	10
1200	1
17586	3
17587	3
17588	1
1204	14
17589	5
17592	59
1208	3
17593	13
17595	11
17597	1
1214	45
1215	5
17600	3
1217	23
1218	2
17602	5
17603	10
17604	4
1221	1
17605	1
1222	18
17606	3
1223	30
17607	1
17608	1
1225	2
17609	3
1226	35
1227	3
1228	19
1229	21
17613	1
1230	11
17614	1
1231	12
17615	1
1236	58
17620	26
1237	1
1238	19
17623	23
1239	3
17626	21
17627	3
17628	1
1244	3
17629	2
1245	2
17631	1
1247	3
17632	9
17633	1
17634	4
17635	22
17636	1
1252	16
17637	18
17638	8
1254	1
17639	9
17640	7
1256	14
1257	1
17641	1
1258	9
1259	1
1260	23
17645	3
17647	1
17648	5
17649	1
1265	14
17650	1
17651	1
1267	2
1269	9
17653	57
17654	6
17655	1
1271	1
17656	10
1275	45
17661	5
1278	24
17662	1
17663	1
1279	2
17664	8
1281	4
17665	4
1283	25
17667	6
17668	3
1284	21
1286	1
17670	2
1287	3
1289	18
17674	6
1290	1
1291	33
17675	1
17676	1
1294	17
1296	6
17681	31
1297	2
1299	7
17684	23
1302	27
17687	11
17688	2
1305	8
17690	2
1306	26
17691	1
17692	11
17693	23
17694	5
1310	17
17695	1
17696	18
1313	8
17697	2
17698	37
17699	26
1315	36
17700	15
1316	21
17701	13
1317	1
17702	1
17703	2
1320	1
17705	3
17706	8
1322	22
17708	1
17709	1
1326	3
17711	11
17714	17
17715	17
1333	6
17719	4
1335	1
1336	3
17722	12
1339	1
17724	14
17725	13
1341	5
17726	4
17727	1
1344	3
17728	2
1345	12
17729	1
1346	1
17730	1
1347	2
17731	5
1348	20
1350	16
1351	14
17735	6
1352	10
1353	4
17737	6
1354	2
17739	1
1355	1
1356	1
1358	8
17742	14
1360	2
17745	12
1361	3
1363	1
17748	15
1364	1
17749	4
1366	66
17750	13
1367	8
17752	2
17753	19
1369	23
17754	19
17756	8
17757	32
17758	2
1374	2
17759	15
17760	14
1376	2
1377	19
17761	2
17762	9
1378	11
1380	3
17767	49
1383	3
17768	1
17769	19
17770	11
1387	3
17772	1
1389	6
1391	1
17775	1
17776	1
17777	1
1394	10
17778	1
1397	25
17783	13
1400	17
17784	1
1401	2
17785	1
17787	19
17788	1
17789	12
1406	4
17790	1
1407	17
17791	38
1409	19
1411	12
1412	46
17796	24
1413	15
1414	8
17800	5
1416	3
1418	5
1419	43
1421	3
17806	59
1422	1
17809	13
17810	2
1427	6
1428	17
17813	1
17814	19
1430	3
17815	21
1432	1
17817	2
17818	15
17819	1
1435	2
17820	13
17821	14
1437	1
17822	13
1439	26
17823	19
1440	1
1442	23
17828	41
1444	3
17830	23
17831	8
1450	7
17834	1
1452	21
17836	3
17837	1
1455	5
17839	2
17841	1
1458	27
1459	1
17844	10
1461	25
17845	1
1462	9
17846	1
17848	24
1466	13
17850	10
1467	14
17852	48
1469	15
1470	32
1471	3
1472	13
1473	7
17857	19
1474	1
1475	2
1476	1
17861	9
1477	9
17863	1
1480	41
17864	1
1482	3
17867	56
1483	11
17870	9
1486	1
17871	3
1488	4
1489	2
17874	1
1490	1
17875	6
1491	2
17876	19
17878	3
17879	35
17880	6
1496	22
1497	3
17881	13
17882	15
1499	6
17883	9
17884	3
1500	4
17885	2
1502	12
1503	1
1504	1
17889	28
1505	3
17891	2
17892	2
1509	24
1511	1
17895	1
17897	39
1513	2
17898	6
17900	11
1516	1
1519	48
1520	2
17905	13
1522	17
1523	2
17907	1
17908	10
17909	8
17910	1
17911	1
1527	3
1528	13
1529	2
17914	1
1531	23
1532	1
1533	12
1534	10
17918	4
1535	12
17919	1
17920	1
1537	2
17921	1
1538	1
1540	1
17925	4
1541	6
1543	3
17928	16
1544	3
17929	5
1546	2
17931	13
17932	6
1549	71
17934	2
1550	3
17935	1
17936	7
1552	21
17937	19
17938	7
17940	24
1557	3
17942	31
17943	14
1559	2
1560	21
17944	19
17945	5
1561	11
17946	2
17947	2
17948	1
17949	3
1566	3
17950	7
17952	3
17953	1
1570	1
17955	10
17958	32
17959	22
17960	1
1577	7
17961	4
17963	4
1580	30
17966	1
1583	23
1584	5
17968	9
17969	12
17970	11
1587	2
17971	1
1588	15
1589	28
17973	5
1590	1
1591	1
17975	4
1592	27
1593	3
1594	4
1595	20
17979	3
1596	8
1597	19
17981	9
17983	1
1602	57
17986	19
1603	1
1604	13
17989	20
1605	2
17992	18
17993	7
1610	2
1611	3
17997	10
1613	3
17998	19
17999	2
18000	4
18001	12
18002	2
1618	17
18003	16
1619	1
18004	29
1620	2
18005	3
18006	22
1622	17
1623	1
18007	1
1624	9
1625	2
1626	23
18010	1
18011	43
18013	19
18014	6
1631	6
18016	1
1633	6
18017	1
1635	8
18019	6
18020	6
1637	1
18022	2
18024	1
1641	43
18027	9
1644	22
18028	1
1645	4
18029	3
18031	25
18033	8
18034	6
1650	2
1651	21
18035	29
1653	19
1655	6
1656	39
18040	10
1657	15
1658	5
18042	2
18044	7
1662	5
1663	58
18047	9
1665	7
18050	51
1666	1
18053	9
18054	6
18055	2
1671	3
1672	15
18058	6
1674	3
18059	2
18060	7
18061	4
18062	6
1679	7
18064	34
18065	33
1681	2
1682	1
18066	8
18067	25
1683	24
1684	1
18068	2
1686	25
1687	2
18071	2
18072	25
18074	3
18075	3
1694	5
18080	15
1696	16
18081	7
1699	6
1702	24
1703	2
18088	14
18089	1
1705	25
1706	10
18090	3
18091	3
1708	4
18092	12
18093	1
18094	15
1710	24
1711	23
18095	9
18096	2
1713	2
18097	15
1714	7
1715	3
1716	26
1717	12
18101	11
1718	22
18103	5
1719	1
18105	3
1721	9
1723	5
18108	8
1724	1
1726	2
18111	36
1727	1
1729	24
18114	11
1730	1
18115	18
1732	10
1733	21
18119	21
18120	12
1737	13
18122	6
18123	8
18124	4
1740	18
18125	42
18126	33
1742	34
18127	16
1743	20
18128	2
18130	5
18132	5
18133	12
1749	13
18136	1
1753	4
18138	11
1756	1
18141	8
18142	9
18144	1
18146	11
1762	1
1763	1
18149	22
1767	2
18151	11
1768	7
18152	11
18153	1
1770	1
1771	22
18155	2
18156	1
1772	29
18157	2
1774	5
18158	6
1775	40
1776	9
18160	1
1777	8
1778	18
18162	10
1779	12
1780	2
18166	3
1785	56
18169	4
18171	1
1787	4
18172	17
1788	1
18175	10
18176	4
18177	2
1793	4
18178	2
1794	1
18180	8
1796	2
18181	25
18182	4
1798	1
18184	28
1800	1
1801	28
18185	1
18186	26
18187	16
18188	21
18189	5
1805	6
18190	1
1806	1
1807	2
18191	2
18192	1
1809	1
18193	2
18194	6
1810	1
18197	1
1814	12
18199	11
18202	23
1818	4
18203	21
18205	1
18207	9
1824	35
18208	1
1825	6
18210	4
1827	23
18212	12
1828	1
18213	14
18214	20
1831	1
18215	3
1832	21
18216	1
1833	26
1834	1
1835	1
18219	3
1836	29
1837	1
1838	1
1839	16
18223	3
1840	17
18225	10
1841	10
18227	1
1846	60
18230	10
1848	17
18233	10
1849	4
18236	19
18237	5
18238	4
1854	4
1855	4
18241	4
1857	3
18242	9
1859	2
18243	1
18244	5
18245	9
18246	2
1862	14
18247	24
18248	10
1865	1
18249	7
18250	3
1866	14
1867	1
18251	2
1868	10
18252	1
1870	23
18255	12
18258	5
1875	9
18260	3
18261	2
1877	2
1879	8
18263	55
18264	7
18265	1
1881	1
18266	8
1882	1
1885	50
18271	11
1888	27
18272	1
18273	2
1889	4
18274	5
1891	1
18275	3
18276	2
18277	4
1893	6
1894	16
18278	2
1895	4
18280	1
1897	23
1898	1
1899	28
1900	18
18284	10
1901	18
18285	1
1902	7
18286	3
1903	3
18288	1
1904	1
1905	1
1906	1
1907	23
18291	34
1909	6
18293	1
18294	16
1910	1
1912	6
18297	12
1913	1
18298	3
1915	28
1916	22
18302	15
1918	6
18303	26
18304	2
1920	1
18305	1
18306	40
18307	5
1923	1
18308	8
18309	13
1925	8
1926	5
18310	8
1927	12
18311	7
18312	1
1928	2
1929	1
1930	5
18316	49
1932	3
18318	2
1936	4
18322	1
1938	7
1940	2
18324	16
18325	5
1943	20
18327	4
1946	17
1947	1
18332	20
1949	17
1950	10
18334	1
18335	2
18336	15
1953	1
18337	3
1954	18
18338	1
1955	19
1957	8
18341	1
1958	31
1959	3
18343	1
1960	10
1961	15
18345	5
1962	5
1963	10
18347	2
18349	1
1968	49
18352	1
1970	11
18355	29
1971	9
1972	1
18356	5
18358	22
18359	4
1976	1
18362	1
18363	22
1979	3
18364	19
18366	3
18367	19
18368	2
1984	17
18369	13
1985	2
18370	17
1986	1
18371	9
18372	11
1988	21
1989	1
1990	14
1992	26
18377	39
18379	21
18380	9
18381	1
1997	21
18382	1
18383	2
18385	2
2001	6
18386	3
18387	1
18388	3
2004	1
18390	1
2007	51
18392	1
18393	11
2010	16
18394	1
2011	2
18397	17
2015	2
18399	12
2016	6
2017	14
18401	49
2019	10
2020	1
2021	24
2022	54
18406	18
2023	5
2024	13
2025	1
18410	6
2026	3
2028	2
2029	38
18413	1
2030	1
2031	1
18416	55
18419	9
2037	7
2038	11
18424	15
18425	25
18426	6
2043	1
18428	24
2045	16
18430	6
18431	20
2047	2
18432	4
2049	22
18433	23
2050	1
2052	16
2053	2
18438	52
2054	1
18440	20
18441	8
2058	1
2060	6
18444	2
2061	1
2062	9
18446	2
18447	4
2065	7
18449	1
18451	2
2068	24
18454	15
2071	33
18455	1
2072	11
18456	1
2073	10
2074	5
18458	29
18459	3
18460	9
2076	25
18461	5
2077	25
18462	31
2079	1
2080	2
2082	25
18467	7
2083	2
2084	30
18469	4
18471	7
2087	15
2088	1
2089	6
18473	1
2090	5
18474	6
2092	1
2093	1
18477	51
18478	1
2095	25
18480	13
18481	8
2098	8
18483	2
2099	25
18485	21
18486	13
2103	19
18488	3
18489	11
2106	9
18490	3
18491	46
2107	1
18492	30
2108	40
18493	14
2109	22
18494	1
18496	3
18497	1
2113	1
18498	5
18499	8
2115	27
18501	1
18502	1
2119	2
18504	12
18507	14
2123	1
18508	8
2126	4
18512	12
2128	2
2129	6
18515	24
2133	1
18517	13
2134	5
18518	11
2135	3
18519	2
2137	18
18521	3
2138	28
2139	1
18523	1
2140	1
18524	3
2141	21
18526	1
2143	26
2144	6
18528	6
2145	31
2146	5
2147	1
18532	1
2148	4
2150	6
2151	7
18535	5
2153	4
18538	12
2154	1
2156	15
18541	1
18542	4
2159	26
18543	4
2160	25
18546	10
2162	4
18547	4
2164	10
18549	8
18550	12
2167	4
18552	38
2168	1
18553	11
2169	25
2170	18
18554	16
18555	9
2171	4
2172	1
18557	1
18558	1
2174	1
18559	1
18560	18
2176	10
18562	3
18563	2
18564	1
2180	2
18565	3
2182	2
2184	1
18568	22
18569	14
18570	4
2187	5
18571	2
2190	6
18574	1
18576	7
2193	9
2194	2
18578	5
18579	5
2195	1
18580	4
2197	1
2198	24
18582	6
18583	2
2199	21
2201	6
18585	5
2202	15
2203	2
2204	3
2205	11
18589	6
2206	5
18590	1
2207	9
18591	1
2212	47
18596	40
2214	25
18599	19
2215	10
18602	4
2218	1
18603	5
2220	1
18604	1
2221	2
18606	1
18607	23
2223	2
18608	23
18610	2
18611	38
18612	9
2228	17
18613	1
18614	14
18615	16
2232	21
18616	3
2233	2
2234	15
2236	44
18621	56
2237	1
18623	1
2241	19
18626	1
2245	7
18629	4
18630	1
2247	1
18632	1
2248	1
2251	52
18637	24
2254	13
18639	2
2255	1
2257	6
18641	11
2259	25
2260	25
18646	1
2263	2
2265	22
18650	9
2266	3
2267	27
18654	2
2270	7
2272	5
2273	1
2276	1
18660	35
18661	7
2278	25
18663	25
2281	9
2282	26
18668	25
18669	24
2286	20
18671	5
18672	21
18673	1
2289	3
18674	5
18675	14
2291	38
2292	21
18676	9
18677	10
18682	55
2298	22
18684	18
18685	8
18686	1
2302	4
18688	1
18690	2
18691	2
18693	2
2312	2
18698	17
2315	1
18700	1
2317	7
18702	19
18703	2
18704	9
2321	1
2322	20
18706	42
2324	15
2326	10
2327	45
18711	16
2328	24
2329	8
18714	1
18715	11
2333	4
18717	1
2334	44
18718	1
18721	47
2337	1
2339	1
18724	20
18725	2
2342	16
18727	3
2343	18
18729	27
2345	7
18730	22
18732	2
18733	11
2350	2
18734	2
18735	37
18736	30
2353	3
18737	18
2354	25
2355	1
18740	4
2357	22
18742	5
18743	12
2359	3
18745	3
18748	19
2365	6
2367	18
18751	13
18752	15
2370	5
18756	19
2373	25
18759	22
2376	29
2377	11
18761	16
18762	18
18764	1
18765	1
2381	1
2382	4
2383	18
18767	1
18768	3
2385	16
18770	1
2386	1
2387	20
2388	52
18772	4
2389	7
2390	9
18774	1
18776	1
2392	1
2394	3
2395	46
18779	3
2396	1
2397	1
18782	6
18786	1
18787	10
2403	3
2404	16
18790	18
2406	2
18791	21
18793	7
18794	25
18795	5
2411	13
18796	6
18797	19
2413	1
2414	1
18798	4
18799	13
2415	23
2416	1
2417	1
2418	19
2419	2
18804	49
18806	19
18807	8
2424	1
2426	6
2428	14
18812	4
18813	3
2431	5
18815	3
2434	28
2435	1
18819	1
18820	13
2437	31
2438	20
18822	1
2439	8
18824	27
2440	1
18825	2
2441	2
2442	26
18826	18
18827	1
2443	15
18828	40
2445	8
2446	4
2447	3
2448	32
2449	14
18833	25
2450	18
2451	1
18835	1
2452	1
18837	5
2453	13
2455	5
2456	8
18840	6
2458	3
2459	4
18843	55
2461	15
18846	14
18847	2
2464	4
2465	16
18851	23
2467	1
18852	22
2469	17
18854	4
18855	14
18856	1
2472	23
18857	7
18858	13
2474	18
2475	17
18859	8
18860	19
2478	2
2479	1
18865	52
2481	11
18867	27
18868	6
18869	1
2485	6
2487	1
18871	1
18873	1
18874	2
2492	9
18876	3
2494	3
2495	11
18880	1
18881	12
18882	1
2499	2
2500	4
18885	14
2502	1
18886	1
2503	25
18887	9
2504	31
18889	45
2506	3
2507	40
2508	7
18892	1
2509	2
2510	8
18894	17
2511	10
2512	5
18898	6
2516	1
18900	1
2517	60
18901	3
2519	1
18904	54
2520	2
2521	1
18907	14
18908	3
2525	1
18910	2
18912	5
2528	1
18913	19
18914	5
18916	23
2533	30
18918	34
18919	9
2535	2
18920	18
18921	7
2537	7
18922	1
2539	1
18923	2
18925	1
18926	9
2542	1
18928	4
18929	2
2546	14
18931	10
18932	1
18934	22
2550	7
18935	22
18937	1
18939	3
2556	48
2557	5
18942	10
2559	24
18944	11
2560	2
18945	8
18946	10
2564	3
18949	1
2565	12
2566	14
18951	4
2568	23
2569	1
2570	10
2571	29
18955	5
2572	2
2573	16
18957	10
18959	2
2577	1
2578	59
18962	15
2580	10
18965	5
18968	13
18969	6
18970	3
2586	1
2587	6
18972	1
18973	13
2589	2
18974	11
2591	1
18976	4
18977	10
18978	6
2594	18
18979	41
18980	34
2596	3
18981	7
18982	6
2598	32
2599	2
2600	2
18984	2
2601	16
2602	16
18986	2
18987	19
18989	2
18990	5
2607	1
18992	3
2609	11
2611	7
18995	8
18996	8
2613	1
2614	6
18998	2
19000	1
2617	44
19003	28
2620	21
2621	14
19005	2
19006	5
19007	5
2625	10
19009	4
2626	10
19011	3
2628	14
19012	3
2629	24
2630	3
19014	1
2631	19
2632	13
19016	11
2633	7
2634	3
19018	3
19020	7
19022	1
2639	41
19023	6
2641	5
19026	30
2642	8
2644	1
19029	2
19030	3
19031	10
2647	9
2648	1
2649	2
19034	4
2650	3
19035	4
19036	5
19037	2
19038	15
2655	30
19039	2
19040	29
2656	2
19041	52
2658	2
19042	13
19043	26
2659	2
2661	15
19045	1
2662	1
2663	1
19047	1
19048	34
19049	1
19050	1
19051	1
2668	23
2670	1
19056	7
2672	1
19057	8
19059	2
2675	1
19061	1
2678	40
2679	3
19064	22
2681	15
2682	7
19066	3
19067	1
2684	5
19068	30
19069	1
2686	20
19070	5
2687	12
19071	15
19072	8
2690	13
2692	19
2693	4
19077	4
2694	28
19079	6
2696	1
19081	6
2697	6
2699	4
2700	3
19084	12
2702	8
19087	35
2703	1
2705	15
19090	12
19091	9
2708	37
19092	12
2709	27
19094	1
19095	14
2711	9
19096	15
2713	10
19098	6
19099	10
2716	1
19100	4
19101	40
19102	31
2718	31
2719	23
19103	12
19104	5
2720	1
2722	1
19106	3
19108	3
19109	13
2725	11
19111	4
19112	4
2729	2
19114	4
2730	1
2731	1
19117	8
19118	6
19120	2
2736	3
19122	4
2739	10
19125	24
2742	11
2743	2
19127	2
2744	3
19128	5
2747	23
19131	6
2748	25
19132	1
19133	3
2750	4
19134	3
2751	27
2752	3
19136	1
2753	2
2754	13
19138	13
2755	14
2756	12
19142	7
19144	1
2761	58
19145	4
2763	13
19148	38
2764	4
2765	1
19151	11
19152	5
19153	9
2769	2
2770	1
19155	1
19156	14
2772	2
19157	20
19158	1
19159	4
19160	14
2777	23
19161	5
19162	35
2778	1
19163	37
19164	4
19165	13
2781	12
2782	2
2783	11
19167	2
2784	1
2785	22
19169	1
19170	22
19173	5
2790	15
19175	1
19178	7
2794	6
19179	7
2797	1
19183	2
2800	50
19186	20
2803	20
19188	3
19189	1
19190	14
2806	1
2808	4
19192	7
19193	1
2809	20
2810	10
19194	2
19195	2
2812	13
2813	1
2814	31
2815	33
19199	12
2816	13
2817	10
19201	1
2818	1
19203	8
2819	1
2821	1
2822	12
19206	2
2824	3
19209	48
2825	1
2827	4
2828	1
19212	1
19213	5
19214	13
2830	11
2831	20
19217	18
2833	1
19218	14
2835	1
19220	9
19221	21
19222	2
2838	3
19223	19
19224	14
2840	4
2841	2
19225	4
19226	9
2842	33
2843	2
2845	7
2846	1
19231	37
19233	22
19234	16
2851	2
2853	9
19237	1
2855	4
19240	3
2858	17
19242	2
2861	17
19247	14
2864	15
19248	2
2865	5
2866	12
19251	18
19252	1
19253	13
2869	2
19254	1
2870	1
19255	41
2872	21
2873	2
2875	52
2876	9
19260	23
2878	11
19262	1
19264	6
2883	28
2884	1
2885	4
19270	62
2886	17
2887	1
19273	8
2890	1
19274	2
2891	21
19276	2
2893	14
19278	12
2894	3
19279	12
19282	21
2899	12
2900	2
19284	20
19285	6
2902	11
19286	24
2903	1
19287	1
19288	2
2905	20
19289	4
2906	1
19291	3
19292	2
2908	1
19294	2
19295	2
2912	25
19297	11
19300	59
19301	19
19303	13
2919	2
19305	5
2922	45
2925	5
19310	15
2926	10
19311	14
19312	3
2930	11
19314	1
2931	20
19315	1
2933	1
19317	6
2934	34
2935	12
2936	10
2937	20
19321	5
2938	16
19322	1
2939	5
19323	1
2940	1
2944	37
19328	12
2946	1
19331	14
19334	21
2950	1
19335	5
2952	22
19337	4
2953	3
19339	20
2955	3
19340	22
19343	19
2960	21
19344	3
19345	31
19346	28
2962	1
2963	1
19347	18
19348	1
2964	11
2965	1
19349	1
19350	5
2967	2
19352	5
19353	12
2969	2
19355	3
2973	3
19358	22
2976	1
19361	12
19362	16
2980	1
19366	14
2983	27
2984	6
19369	18
2986	24
19371	20
2987	3
19372	18
19373	1
2990	2
2991	21
19375	3
2992	31
19376	2
19377	1
2994	1
19378	3
2995	39
2996	4
19380	1
2997	5
2998	8
19382	5
2999	11
3000	10
19384	3
19386	3
3005	67
19389	4
3006	1
3007	8
19392	6
3008	1
19395	11
19396	1
19397	13
3013	2
3014	4
19400	4
3016	2
19401	14
19403	4
3020	1
19404	20
19405	3
3021	19
19406	11
3022	1
19407	9
3023	1
19408	13
19409	3
3025	18
19410	1
3027	4
3028	2
3029	12
19414	14
3030	1
19416	2
19417	3
3034	8
19420	2
3036	1
19422	54
3038	8
19423	6
19424	1
19425	17
3041	1
3044	40
3045	1
19430	8
3047	25
19432	2
3048	5
19433	14
19434	9
3052	1
19436	2
3053	5
3054	15
19439	1
3056	10
3058	16
3059	24
19443	6
3060	24
19444	1
3061	4
19445	4
3062	4
19447	1
3065	3
3066	25
19450	12
19453	20
3069	2
19454	3
19456	16
19457	3
3074	32
3075	8
19460	1
19461	17
3077	17
19462	15
19464	7
19465	9
3082	1
19467	25
19468	19
3084	1
3085	13
19469	7
3086	21
19470	14
3087	1
3089	10
19475	32
3091	3
19477	11
19478	13
3097	7
19481	2
3099	5
19483	3
19484	1
3102	14
3105	37
19491	18
3108	33
3109	11
3111	1
19495	17
3113	7
19497	10
3114	25
19498	1
3115	5
19499	39
3117	18
3119	32
3120	10
19504	20
3121	19
3122	6
3123	1
19508	11
3124	3
3126	4
19510	1
3127	8
3129	4
19514	50
3130	2
3131	1
3132	8
19517	7
3133	1
19518	3
3135	23
19520	1
3136	24
19522	15
3138	2
19523	15
3140	4
19525	5
19526	8
3143	5
19527	2
19528	46
19529	27
3145	13
19530	11
3146	11
3147	16
19531	1
19533	6
3150	2
19535	3
19536	11
3152	1
19538	7
19539	2
3156	2
19541	14
3158	11
3160	1
19544	9
19545	9
3163	17
19547	1
19549	8
3166	11
19552	27
3169	9
3170	4
19554	6
3171	1
19555	10
3173	2
3174	25
19558	3
19559	1
3175	27
19560	1
3177	4
19561	3
3178	40
3179	4
19563	1
3180	5
3181	9
19565	10
3182	11
3183	9
19569	2
3188	57
19572	1
19574	1
19575	16
3191	2
19576	1
19579	4
19580	3
19583	13
3199	2
19584	10
19586	3
3203	1
19587	24
19588	6
3204	29
19589	20
3205	1
19590	12
19591	10
19592	5
3208	4
19593	2
3210	2
19597	23
3213	1
19599	2
19600	3
3217	12
19603	2
19605	34
3221	7
19606	8
19608	7
3227	47
19611	1
3228	4
19613	13
3230	25
3231	2
19615	1
19616	2
3233	6
19617	5
19619	6
3235	16
19620	2
3236	25
3237	3
3238	1
19622	1
3239	17
3240	1
3241	29
3242	9
19626	10
3243	23
19627	1
3244	4
19628	1
3245	1
19629	1
19630	2
3246	2
3248	5
3249	4
19633	18
19636	30
19637	3
3254	17
19639	10
19640	4
3257	18
19642	4
3258	26
19643	1
19644	24
19645	23
3262	11
19647	3
19648	6
3265	8
19649	1
19650	35
19651	11
3267	17
19652	29
3268	19
3269	3
19653	1
19655	7
3272	1
19657	4
3274	6
19658	5
19660	3
19661	1
3278	3
19663	24
3280	4
3282	2
19666	6
19667	25
3285	6
19671	16
3288	9
19674	21
19675	1
3291	17
19676	26
3293	10
19677	22
19678	1
19680	1
3296	1
3299	23
19683	13
3300	5
3302	56
3303	8
19687	2
3304	2
3305	7
19689	1
19691	1
3310	35
19694	5
3311	1
19696	1
3312	2
19697	4
3313	18
3314	1
19700	2
3316	1
19702	3
3318	17
3319	1
19704	2
3320	15
19705	20
3321	3
19706	27
19708	3
19709	34
19710	7
3326	15
19711	1
19712	7
3328	2
3329	11
19713	15
19714	6
3330	1
3332	22
3333	1
19719	60
3335	5
19721	3
19722	1
3339	24
19723	1
3340	2
19727	4
3343	1
19728	2
3346	2
19730	3
3349	47
19734	1
19735	24
3352	3
3353	11
19738	1
19739	7
19741	2
3357	1
19742	1
3358	1
3360	24
19744	7
3361	2
3363	50
19748	10
3364	1
3366	3
19752	4
3371	30
3372	1
3373	5
19758	42
3374	21
19759	6
19761	26
3377	1
19762	3
3379	22
3380	1
3381	17
19766	24
3382	3
19767	30
19768	1
19769	2
19770	36
19771	7
3387	5
19772	2
19773	6
3390	11
19774	10
19775	6
3393	23
19777	2
3394	1
3395	1
19780	56
19782	4
19783	4
3400	25
19785	1
19788	1
19789	1
19791	1
3410	54
19796	31
3413	4
19797	2
3414	12
19800	3
3418	18
19802	3
19803	1
3419	13
19804	2
3421	13
3422	32
3423	2
3424	15
3425	3
19809	19
3426	4
3427	4
19813	6
3432	35
3434	1
19819	49
3435	8
19820	5
19822	22
19823	1
3440	4
3441	1
3442	1
19827	12
3443	4
19828	24
19829	7
3447	2
19831	31
3448	19
3449	2
19833	9
19834	29
3451	1
19835	6
19836	14
3452	11
3454	15
19838	1
3456	9
19840	1
19841	64
19842	1
19843	20
3461	21
19846	1
3463	1
19849	1
3465	3
19850	4
19852	3
3471	47
19857	22
3474	15
3475	4
19859	1
19861	27
19862	1
3479	4
19863	5
3480	15
19864	8
3481	2
19865	14
3483	27
3484	4
3485	13
3486	10
19870	6
3487	17
3488	5
19872	5
3489	1
19874	8
19876	1
3493	23
19877	3
3495	1
19880	40
3496	1
19883	36
3499	1
19884	5
3501	45
19886	1
3502	5
19887	2
3503	1
19888	16
3504	15
19889	14
19891	4
19892	13
3509	11
19893	3
19894	41
19895	31
3512	12
19896	10
3513	12
19897	2
19898	1
19899	5
3516	1
19901	4
19902	11
3518	2
19904	4
19905	4
3522	1
19907	6
3524	2
3525	1
19910	8
19911	7
19913	1
3529	1
19915	6
3532	19
3533	5
19918	18
3535	18
19919	1
3536	4
19920	6
19921	10
19923	1
19924	3
3541	1
3542	21
19926	1
19927	3
3544	13
19929	1
3546	13
3547	46
19931	10
3548	24
3549	6
19933	1
19935	3
3553	5
3554	47
19938	2
3556	3
19941	20
3557	1
3559	1
3560	1
19944	1
19945	4
19946	4
3562	18
3563	18
3565	3
3572	4
3573	1
3574	24
3575	1
3577	24
3579	4
3585	9
3587	19
3590	6
3593	33
3596	25
3597	12
3600	1
3601	24
3602	24
3604	7
3605	21
3606	1
3607	2
3608	10
3609	8
3610	14
3615	50
3617	21
3618	8
3619	1
3621	2
3623	1
3624	1
3626	1
3630	1
3631	17
3632	1
3635	18
3637	12
3639	38
3644	21
3648	8
3650	1
3651	1
3654	50
3657	19
3658	1
3662	1
3665	24
3666	4
3668	47
3669	8
3670	1
3671	8
3672	1
3676	17
3678	5
3679	17
3680	1
3682	1
3684	15
3685	3
3686	9
3687	5
3690	1
3692	11
3694	1
3695	11
3696	1
3698	17
3705	21
3706	1
3709	1
3712	12
3715	42
3718	5
3719	9
3723	1
3724	9
3725	15
3727	19
3728	1
3729	14
3730	38
3731	17
3732	7
3736	3
3737	61
3738	1
3739	8
3740	1
3745	5
3746	12
3748	5
3751	1
3753	14
3755	3
3756	2
3757	31
3758	3
3759	1
3760	23
3761	6
3768	10
3770	8
3773	8
3776	35
3777	3
3779	21
3780	10
3783	1
3785	17
3786	1
3788	18
3790	9
3791	5
3792	12
3794	4
3798	4
3800	3
3801	5
3803	1
3806	75
3807	1
3809	34
3814	3
3816	1
3817	30
3818	7
3823	1
3826	1
3829	1
3834	1
3837	27
3840	25
3841	6
3843	5
3845	25
3846	26
3849	2
3851	23
3852	1
3853	40
3854	1
3856	16
3858	5
3859	1
3861	1
3862	3
3864	24
3867	9
3868	27
3872	20
3875	10
3877	44
3878	22
3879	1
3882	1
3884	29
3888	1
3892	1
3897	1
3898	2
3901	2
3902	1
3903	6
3904	7
3906	23
3907	23
3909	2
3910	6
3911	2
3912	33
3913	17
3914	23
3917	9
3919	5
3920	6
3922	3
3923	1
3925	22
3928	12
3929	21
3933	19
3936	24
3938	30
3939	19
3941	1
3942	2
3945	11
3949	7
3956	3
3958	1
3959	3
3962	1
3963	3
3964	7
3967	5
3968	13
3969	10
3970	1
3971	14
3972	1
3973	22
3974	51
3975	13
3976	19
3978	1
3979	1
3980	1
3981	49
3982	1
3983	7
3984	2
3989	4
3990	14
3992	3
3997	14
3998	1
3999	3
4001	27
4002	3
4003	3
4004	12
4005	17
4010	3
4012	11
4014	10
4017	5
4020	36
4023	16
4024	14
4025	7
4027	1
4028	24
4029	26
4030	2
4032	31
4033	1
4034	4
4035	19
4036	4
4037	16
4042	61
4044	18
4045	2
4046	1
4047	2
4048	1
4050	2
4051	5
4053	2
4058	21
4060	2
4062	20
4063	2
4064	8
4065	2
4066	25
4071	4
4073	4
4075	8
4077	1
4078	4
4081	42
4084	19
4085	6
4086	1
4087	1
4088	1
4089	24
4090	16
4092	1
4093	11
4094	3
4095	44
4096	32
4097	16
4098	3
4100	6
4102	2
4103	8
4105	6
4108	17
4111	10
4112	13
4116	16
4119	26
4121	13
4122	21
4124	1
4125	3
4127	1
4128	2
4130	1
4132	5
4134	1
4136	1
4139	6
4141	1
4142	8
4145	8
4146	4
4147	6
4150	3
4151	15
4152	8
4154	10
4156	8
4157	20
4158	7
4161	1
4162	1
4163	3
4164	16
4167	3
4170	1
4172	67
4173	3
4175	36
4180	5
4181	1
4182	1
4183	26
4184	24
4187	2
4195	3
4197	3
4200	6
4203	26
4206	25
4207	5
4212	1
4213	23
4215	20
4217	9
4218	57
4219	21
4220	5
4222	1
4224	5
4225	44
4226	1
4227	4
4233	4
4234	20
4236	1
4241	2
4243	2
4244	1
4245	24
4248	25
4249	1
4250	1
4256	3
4258	21
4261	3
4264	26
4267	26
4268	14
4269	1
4272	6
4273	17
4274	13
4276	27
4277	1
4278	7
4279	32
4280	12
4281	14
4286	46
4288	13
4289	2
4291	1
4294	6
4295	5
4296	1
4297	2
4302	15
4304	3
4306	32
4308	4
4309	11
4310	13
4313	1
4315	3
4317	7
4319	8
4321	1
4322	5
4325	42
4326	2
4328	16
4329	8
4333	22
4334	17
4336	6
4337	14
4338	2
4339	16
4340	19
4341	10
4342	15
4344	1
4347	37
4349	14
4350	10
4353	2
4355	3
4356	1
4358	2
4360	1
4363	10
4364	1
4365	2
4366	1
4367	20
4369	13
4371	40
4376	16
4380	8
4382	1
4386	52
4389	8
4390	1
4392	1
4393	1
4394	1
4395	13
4396	1
4398	20
4400	6
4401	6
4402	9
4404	5
4405	1
4407	1
4408	5
4410	5
4411	3
4413	2
4414	1
4416	72
4417	5
4419	29
4426	7
4427	26
4428	8
4431	1
4433	2
4441	1
4444	2
4447	26
4450	25
4451	2
4455	7
4456	7
4458	17
4459	21
4460	2
4461	33
4462	7
4463	7
4464	7
4469	39
4472	8
4473	1
4475	1
4477	7
4479	1
4480	3
4485	22
4486	2
4487	1
4488	3
4489	3
4491	16
4498	20
4500	1
4505	5
4508	44
4509	4
4511	11
4512	7
4514	7
4516	25
4517	25
4522	20
4523	1
4524	36
4527	8
4529	5
4530	1
4535	24
4538	11
4539	25
4543	18
4546	5
4548	44
4549	23
4555	25
4559	2
4568	1
4569	1
4572	1
4573	1
4574	6
4577	2
4578	1
4579	1
4580	19
4581	5
4583	51
4584	9
4586	8
4591	25
4592	1
4594	18
4595	1
4597	1
4599	19
4600	2
4601	16
4602	2
4607	9
4609	1
4610	9
4611	2
4613	22
4614	1
4616	1
4620	23
4621	1
4623	1
4624	1
4627	6
4630	51
4633	3
4634	9
4638	21
4639	24
4640	1
4641	4
4642	36
4643	3
4644	6
4645	11
4646	7
4647	9
4649	1
4652	57
4654	10
4655	2
4656	1
4657	1
4660	1
4661	1
4663	2
4668	16
4669	1
4670	2
4672	16
4673	1
4674	11
4675	2
4676	16
4681	19
4685	9
4687	1
4691	50
4692	1
4694	20
4695	1
4697	8
4699	23
4700	24
4702	1
4705	32
4706	7
4707	31
4708	1
4710	13
4712	5
4713	4
4718	23
4721	10
4722	23
4726	23
4729	10
4731	36
4732	23
4736	1
4738	23
4742	3
4749	3
4751	2
4752	2
4757	5
4760	1
4761	15
4762	13
4764	22
4765	1
4766	15
4767	31
4768	13
4769	14
4773	1
4774	51
4775	1
4776	25
4777	2
4782	2
4783	5
4785	1
4790	11
4792	2
4794	33
4795	4
4796	4
4797	22
4798	20
4801	1
4803	2
4805	9
4807	8
4809	1
4810	7
4813	49
4816	19
4817	8
4821	6
4823	1
4824	19
4825	4
4827	41
4828	3
4829	3
4830	7
4831	2
4832	4
4835	7
4837	3
4838	8
4840	1
4841	2
4843	10
4844	1
4845	5
4846	3
4851	10
4852	1
4853	2
4854	8
4857	16
4858	1
4860	2
4864	18
4866	1
4871	26
4874	36
4877	3
4878	6
4880	3
4882	20
4883	30
4884	1
4886	21
4888	27
4889	9
4890	26
4891	4
4892	1
4893	2
4895	5
4896	6
4898	2
4899	1
4901	18
4904	21
4905	23
4907	1
4909	11
4912	3
4914	21
4915	21
4916	6
4921	9
4925	3
4927	4
4929	2
4932	5
4935	4
4936	1
4938	3
4939	3
4940	3
4943	24
4944	31
4945	1
4946	1
4947	36
4948	6
4950	8
4951	31
4952	12
4957	63
4960	3
4965	1
4968	1
4973	24
4975	1
4977	10
4978	1
4979	2
4982	1
4986	10
4990	7
4993	1
4996	40
4997	5
4999	25
5000	3
5006	23
5008	24
5010	4
5011	52
5012	17
5013	5
5017	6
5018	45
5027	21
5034	4
5038	23
5041	25
5051	26
5054	1
5057	24
5060	25
5061	17
5062	1
5063	8
5065	25
5066	20
5069	10
5071	21
5073	32
5074	2
5076	9
5078	5
5079	1
5082	1
5084	21
5087	35
5088	30
5090	5
5092	16
5095	1
5097	42
5098	29
5102	1
5104	11
5108	1
5109	1
5115	1
5118	11
5121	3
5122	1
5123	3
5126	25
5127	28
5129	3
5130	42
5131	4
5132	2
5133	7
5134	12
5135	3
5137	1
5140	58
5143	3
5145	1
5148	1
5151	3
5156	23
5157	1
5158	2
5160	3
5165	1
5169	16
5173	7
5179	48
5180	6
5182	26
5183	1
5187	4
5188	23
5189	1
5191	29
5192	2
5193	10
5194	16
5195	11
5196	1
5201	20
5203	5
5204	1
5206	1
5207	1
5209	38
5210	5
5212	13
5217	10
5219	2
5220	13
5221	12
5222	1
5224	1
5232	6
5237	3
5240	17
5241	5
5243	27
5244	4
5246	7
5248	23
5249	14
5252	8
5254	23
5255	2
5256	28
5258	1
5259	7
5261	5
5262	1
5265	1
5267	19
5270	40
5271	34
5273	8
5275	17
5279	1
5280	43
5281	24
5282	10
5284	1
5285	1
5287	10
5291	2
5292	1
5298	3
5301	9
5304	4
5305	2
5306	5
5309	9
5310	6
5312	22
5313	27
5315	29
5316	4
5317	3
5318	4
5323	46
5325	2
5326	14
5329	1
5331	5
5333	2
5334	5
5339	18
5340	2
5342	9
5343	12
5345	19
5347	2
5352	20
5356	1
5359	2
5362	53
5363	1
5365	10
5366	5
5370	3
5371	21
5372	1
5374	19
5376	10
5377	7
5378	21
5379	1
5380	2
5384	6
5387	5
5390	1
5392	65
5393	5
5395	27
5400	5
5402	1
5403	25
5404	10
5405	1
5406	1
5407	2
5413	3
5415	3
5417	2
5420	1
5423	26
5424	2
5426	25
5427	4
5432	3
5433	23
5435	16
5437	15
5438	45
5439	16
5440	7
5442	1
5444	6
5445	50
5448	1
5453	6
5454	19
5456	1
5461	2
5465	22
5467	1
5468	23
5476	2
5478	21
5481	3
5484	22
5487	25
5488	13
5489	1
5492	2
5493	7
5495	18
5496	13
5497	2
5498	40
5499	6
5500	1
5501	9
5506	25
5508	2
5509	9
5510	1
5512	1
5514	8
5515	3
5516	4
5517	6
5519	1
5522	19
5523	1
5525	8
5526	1
5528	17
5529	1
5531	1
5535	21
5536	2
5539	1
5542	9
5545	45
5546	3
5548	7
5549	4
5551	1
5553	23
5554	15
5555	1
5556	4
5557	13
5558	2
5559	40
5560	34
5561	16
5562	4
5564	5
5566	5
5567	12
5570	3
5572	6
5573	1
5575	11
5576	8
5578	1
5580	12
5583	17
5585	6
5586	15
5588	1
5589	1
5590	1
5591	2
5592	4
5594	1
5596	5
5600	2
5602	1
5603	2
5606	21
5609	2
5610	3
5611	5
5612	8
5614	27
5615	23
5617	1
5618	3
5619	1
5620	24
5621	14
5622	37
5624	2
5625	14
5627	5
5628	5
5633	23
5636	21
5637	29
5639	1
5641	18
5644	7
5646	43
5647	20
5648	1
5651	1
5653	22
5657	3
5659	1
5664	4
5667	5
5671	3
5672	6
5673	4
5675	26
5676	26
5678	1
5679	15
5680	1
5681	31
5682	26
5683	19
5684	1
5686	3
5688	5
5689	9
5691	5
5694	18
5695	1
5697	19
5698	16
5702	16
5705	17
5707	17
5708	19
5709	1
5710	1
5711	1
5712	1
5713	1
5714	7
5716	1
5718	3
5720	1
5725	5
5728	4
5731	1
5732	2
5733	12
5735	1
5736	22
5737	27
5738	1
5740	32
5741	5
5742	3
5743	11
5744	12
5745	11
5750	56
5752	16
5753	2
5758	2
5759	5
5761	1
5765	1
5766	24
5767	1
5768	2
5770	21
5771	1
5772	8
5773	1
5774	20
5779	9
5781	2
5783	8
5786	3
5789	49
5790	1
5792	28
5793	2
5797	11
5798	16
5800	12
5801	33
5802	5
5803	13
5804	16
5805	5
5806	4
5807	1
5811	52
5813	12
5814	4
5819	4
5820	1
5822	3
5826	1
5827	32
5831	5
5832	1
5833	7
5835	1
5836	1
5840	18
5842	1
5844	3
5847	2
5850	43
5851	3
5853	17
5854	3
5858	15
5859	23
5860	2
5862	26
5863	3
5864	4
5865	26
5866	12
5867	17
5872	52
5874	11
5875	3
5878	2
5880	4
5881	3
5885	1
5888	11
5890	3
5892	27
5893	2
5894	6
5895	8
5896	27
5901	3
5903	4
5904	1
5905	9
5907	1
5908	5
5911	43
5914	20
5915	8
5917	1
5919	1
5920	4
5921	22
5923	11
5924	1
5925	19
5926	57
5927	14
5928	12
5930	1
5932	4
5933	34
5935	10
5941	4
5942	22
5944	1
5949	8
5951	2
5953	33
5956	21
5957	2
5958	3
5964	4
5966	10
5969	6
5972	21
5975	23
5976	14
5977	7
5979	1
5980	23
5981	18
5983	10
5984	13
5985	1
5986	11
5987	14
5988	2
5989	12
5994	38
5996	17
5997	10
6000	2
6002	1
6003	2
6005	1
6010	16
6011	1
6014	23
6015	2
6016	14
6017	3
6018	48
6023	27
6027	6
6033	59
6036	16
6037	1
6043	25
6045	23
6047	4
6048	54
6049	24
6050	3
6054	6
6055	47
6057	4
6058	1
6063	2
6064	21
6066	1
6075	23
6078	24
6086	1
6088	23
6091	1
6094	25
6097	28
6098	11
6102	3
6103	2
6104	16
6105	1
6106	13
6107	1
6108	17
6109	56
6110	17
6111	16
6113	1
6115	4
6116	45
6118	16
6119	2
6121	1
6124	2
6125	14
6127	1
6131	1
6132	9
6134	1
6136	23
6137	1
6138	2
6139	23
6140	5
6141	2
6147	6
6149	12
6152	1
6155	28
6158	22
6159	13
6160	7
6162	1
6163	14
6164	21
6166	1
6167	29
6168	8
6169	5
6170	17
6171	16
6172	2
6173	1
6177	31
6179	3
6180	1
6182	1
6183	1
6185	26
6186	4
6188	3
6193	15
6194	1
6195	3
6196	2
6197	8
6199	1
6202	1
6206	3
6208	1
6216	21
6217	6
6219	24
6220	3
6224	14
6225	9
6227	12
6228	12
6229	2
6230	37
6231	31
6232	1
6233	10
6235	2
6236	1
6237	1
6238	19
6241	10
6244	1
6246	1
6247	5
6254	28
6256	3
6258	3
6260	11
6262	3
6263	1
6265	1
6267	23
6271	4
6274	2
6277	46
6280	3
6281	6
6282	1
6284	1
6285	18
6286	29
6287	2
6289	41
6290	4
6291	3
6292	13
6293	12
6294	6
6299	68
6301	5
6302	1
6307	5
6308	3
6310	2
6315	24
6319	15
6320	1
6321	1
6323	1
6324	1
6328	8
6330	2
6332	8
6335	1
6338	41
6339	5
6341	24
6342	4
6346	2
6347	16
6348	1
6350	19
6352	6
6353	6
6354	11
6356	4
6360	1
6363	4
6365	1
6366	1
6368	72
6369	3
6371	27
6376	2
6378	3
6379	25
6380	9
6382	1
6385	2
6391	4
6396	6
6399	26
6402	24
6403	4
6407	22
6408	25
6409	1
6410	1
6411	38
6412	7
6413	4
6414	6
6415	11
6416	12
6421	66
6423	4
6424	2
6426	2
6429	3
6430	1
6432	2
6437	24
6440	7
6441	10
6443	3
6444	1
6446	1
6448	1
6450	14
6452	1
6454	6
6460	50
6461	3
6463	22
6464	2
6466	5
6468	25
6469	23
6474	24
6476	44
6477	1
6479	17
6481	5
6482	1
6484	1
6487	23
6490	7
6491	25
6495	20
6498	3
6500	46
6501	18
6505	1
6507	29
6511	2
6518	1
6524	1
6526	6
6529	17
6530	30
6532	1
6533	38
6534	8
6535	3
6536	27
6537	12
6538	9
6543	45
6546	1
6549	1
6551	12
6552	4
6554	2
6559	30
6562	3
6563	16
6564	1
6565	1
6566	2
6567	2
6568	1
6572	3
6574	4
6576	3
6579	2
6582	29
6583	6
6585	20
6586	3
6590	11
6591	8
6593	10
6594	6
6595	4
6596	46
6597	33
6598	3
6599	1
6600	1
6601	2
6603	2
6604	9
6606	2
6607	9
6609	1
6610	1
6612	5
6613	5
6615	2
6617	4
6620	29
6622	2
6623	6
6625	1
6626	7
6628	1
6629	3
6631	1
6633	17
6636	1
6637	4
6640	4
6643	34
6645	1
6646	1
6647	3
6648	2
6649	1
6650	1
6651	16
6652	26
6653	3
6655	25
6656	1
6657	28
6658	14
6659	15
6660	6
6661	2
6662	4
6663	1
6664	4
6665	12
6667	2
6668	1
6670	16
6673	24
6674	24
6675	1
6676	1
6678	9
6679	1
6681	5
6683	16
6684	16
6685	7
6686	1
6688	1
6690	7
6694	4
6696	7
6698	3
6701	14
6704	9
6707	10
6708	5
6709	1
6711	1
6712	14
6713	18
6714	4
6715	2
6716	24
6717	2
6718	33
6719	34
6720	13
6721	9
6722	1
6723	2
6725	2
6726	16
6728	3
6729	2
6731	10
6734	14
6735	18
6739	7
6740	1
6741	1
6742	22
6744	6
6745	10
6746	13
6747	1
6748	2
6749	3
6750	3
6751	3
6753	1
6755	4
6757	5
6759	4
6762	11
6765	11
6768	7
6769	7
6770	16
6772	1
6773	20
6774	25
6775	1
6776	4
6777	22
6778	1
6779	3
6780	15
6781	13
6782	18
6787	53
6789	22
6790	7
6791	1
6793	3
6795	2
6796	1
6798	2
6803	15
6807	17
6809	11
6811	34
6816	15
6820	8
6822	1
6823	1
6826	53
6829	18
6830	2
6831	2
6834	4
6835	1
6836	1
6837	20
6838	2
6840	50
6841	16
6843	18
6845	1
6848	27
6849	1
6850	1
6851	12
6854	1
6856	14
6857	3
6858	6
6859	4
6864	6
6865	1
6866	1
6867	10
6868	1
6870	21
6871	1
6873	9
6877	23
6879	1
6884	4
6887	49
6890	4
6891	14
6895	2
6896	2
6898	17
6899	5
6900	1
6901	46
6902	10
6903	1
6904	8
6909	27
6912	12
6914	1
6915	1
6917	11
6918	4
6919	4
6920	4
6925	16
6927	1
6928	4
6929	1
6931	13
6934	1
6938	21
6942	1
6945	20
6948	38
6951	5
6952	4
6956	24
6957	28
6958	1
6959	3
6960	38
6961	6
6962	3
6963	20
6964	17
6965	8
6970	57
6973	2
6978	2
6986	23
6990	8
6992	2
6999	8
7003	6
7009	48
7010	5
7012	24
7013	2
7017	5
7018	3
7019	1
7020	10
7021	4
7022	1
7023	57
7024	9
7025	6
7026	9
7027	3
7028	2
7029	2
7031	10
7034	9
7036	3
7039	11
7040	3
7041	4
7042	2
7044	1
7047	20
7049	2
7050	6
7051	4
7053	10
7054	2
7056	3
7060	14
7061	2
7062	2
7064	1
7067	29
7070	28
7073	5
7074	8
7075	1
7080	25
7082	24
7083	1
7084	2
7085	57
7086	25
7087	2
7089	1
7091	6
7092	47
7094	2
7101	19
7103	1
7108	1
7111	2
7112	23
7115	24
7125	27
7131	24
7134	28
7135	15
7139	5
7140	16
7141	2
7143	24
7144	1
7145	20
7146	14
7147	11
7148	1
7149	3
7150	1
7151	1
7153	4
7155	1
7156	6
7158	2
7159	2
7161	60
7162	12
7164	21
7171	7
7172	20
7173	12
7178	1
7182	1
7184	6
7186	1
7189	13
7192	25
7195	26
7196	5
7199	2
7200	22
7201	29
7202	1
7203	1
7204	38
7205	7
7206	2
7207	7
7208	16
7209	11
7214	60
7216	5
7217	3
7222	1
7223	2
7225	1
7229	1
7230	27
7233	2
7234	11
7236	2
7239	1
7243	8
7245	1
7247	7
7253	45
7254	4
7256	26
7257	5
7258	1
7259	5
7261	25
7262	25
7267	23
7268	2
7269	35
7272	13
7274	5
7275	2
7277	5
7280	24
7283	10
7284	25
7288	17
7291	3
7293	44
7294	19
7298	1
7300	26
7304	1
7313	1
7317	1
7319	7
7321	1
7322	26
7323	25
7325	4
7326	36
7327	2
7328	3
7329	9
7330	10
7331	15
7336	60
7338	9
7339	5
7341	1
7344	1
7345	2
7347	3
7352	25
7355	1
7356	16
7357	1
7358	8
7359	1
7360	18
7365	19
7369	8
7375	57
7378	20
7379	2
7381	1
7383	3
7384	16
7385	8
7387	20
7388	1
7389	33
7390	59
7391	7
7392	19
7394	2
7396	1
7397	31
7400	2
7403	2
7405	13
7406	13
7407	1
7408	1
7413	23
7415	4
7416	1
7417	23
7418	1
7419	2
7420	13
7421	2
7426	2
7428	9
7430	2
7431	1
7433	15
7436	27
7439	25
7440	16
7441	17
7443	1
7444	27
7445	23
7447	6
7448	37
7449	4
7450	4
7451	6
7452	9
7453	3
7458	54
7460	2
7461	4
7462	1
7468	1
7469	2
7474	32
7478	3
7481	1
7487	18
7491	4
7497	51
7498	6
7500	31
7501	2
7504	1
7505	25
7506	25
7507	1
7508	3
7509	24
7510	2
7511	3
7512	12
7513	12
7514	11
7519	53
7521	27
7522	7
7525	1
7527	1
7528	1
7530	3
7535	15
7537	2
7539	10
7540	1
7541	11
7542	1
7543	33
7548	14
7552	8
7555	2
7558	48
7561	16
7562	3
7566	8
7567	7
7569	21
7570	17
7571	1
7572	37
7573	6
7574	3
7575	2
7580	35
7582	7
7583	18
7586	1
7587	1
7588	9
7589	1
7590	4
7591	3
7596	16
7597	1
7599	2
7600	5
7602	16
7604	13
7609	25
7616	1
7619	58
7622	6
7623	7
7627	15
7628	17
7630	8
7631	24
7632	5
7633	15
7634	11
7635	9
7636	4
7637	3
7641	49
7643	1
7644	1
7645	1
7646	1
7647	2
7649	17
7650	4
7651	1
7652	2
7657	23
7658	1
7659	1
7660	1
7661	9
7662	2
7663	6
7664	1
7665	1
7666	1
7670	11
7674	1
7677	6
7680	29
7681	5
7683	9
7684	4
7690	25
7692	23
7694	3
7695	55
7696	25
7697	3
7701	6
7702	45
7707	1
7710	2
7711	23
7715	2
7718	1
7722	22
7724	1
7725	25
7727	1
7735	27
7741	23
7744	26
7745	11
7747	9
7749	24
7750	26
7753	12
7755	24
7756	3
7757	30
7758	2
7760	4
7762	5
7768	24
7771	17
7772	24
7774	1
7776	19
7779	2
7781	36
7782	20
7784	1
7786	1
7788	16
7792	4
7794	2
7799	1
7802	1
7805	1
7806	3
7807	6
7808	1
7810	4
7811	17
7814	19
7816	5
7817	4
7818	13
7820	3
7824	1
7826	2
7827	5
7829	1
7830	1
7832	71
7833	2
7835	32
7842	2
7843	30
7844	6
7845	1
7848	1
7849	1
7852	1
7855	1
7860	2
7863	26
7866	27
7867	5
7868	1
7871	6
7872	24
7873	10
7875	25
7876	1
7877	8
7878	28
7879	6
7880	15
7885	54
7886	1
7887	21
7888	2
7893	4
7894	7
7896	2
7901	14
7905	30
7906	1
7907	5
7908	7
7909	19
7914	1
7916	9
7918	5
7920	1
7921	7
7924	38
7925	1
7927	31
7928	9
7930	9
7932	24
7933	23
7936	7
7938	21
7939	1
7940	34
7941	1
7943	9
7945	5
7946	1
7948	1
7951	23
7954	19
7955	25
7957	1
7959	18
7962	2
7964	37
7965	20
7966	1
7969	2
7971	20
7975	3
7977	1
7982	2
7985	1
7988	2
7989	2
7990	7
7993	6
7994	17
7995	5
7997	15
7999	11
8000	17
8001	9
8002	4
8003	1
8004	1
8005	1
8007	14
8009	3
8010	3
8012	1
8013	1
8015	50
8016	6
8018	28
8025	1
8026	28
8027	18
8030	2
8031	1
8036	1
8038	5
8040	1
8043	7
8046	23
8047	4
8049	21
8050	7
8053	1
8054	22
8055	16
8057	8
8058	13
8059	3
8060	12
8061	15
8062	3
8063	8
8068	41
8070	22
8071	12
8072	1
8073	1
8074	2
8077	2
8079	2
8084	12
8085	2
8088	20
8090	13
8092	48
8097	25
8101	9
8103	1
8104	1
8107	57
8110	11
8113	5
8115	20
8116	13
8118	5
8119	4
8120	1
8121	42
8122	6
8123	20
8124	2
8126	14
8128	3
8129	1
8131	2
8132	1
8134	15
8137	6
8138	17
8142	16
8145	19
8147	18
8148	20
8151	2
8154	17
8158	12
8160	1
8162	1
8165	12
8167	3
8168	16
8171	1
8172	1
8173	5
8176	24
8177	27
8178	1
8179	1
8180	35
8181	7
8182	1
8183	17
8184	17
8185	9
8187	1
8190	58
8192	1
8193	2
8195	1
8198	2
8201	1
8206	19
8208	1
8210	10
8212	3
8213	1
8215	1
8219	8
8223	7
8229	44
8230	5
8232	25
8233	4
8238	13
8239	2
8240	1
8241	21
8243	20
8244	8
8245	9
8246	5
8247	1
8251	7
8254	4
8256	1
8257	1
8259	66
8260	5
8262	21
8266	1
8267	2
8269	3
8270	22
8271	9
8273	2
8276	3
8280	1
8282	6
8287	17
8290	24
8291	1
8293	15
8294	6
8296	3
8298	20
8299	12
8301	8
8302	3
8303	2
8304	46
8305	24
8306	15
8309	11
8311	3
8312	5
8314	1
8315	1
8316	1
8317	16
8320	5
8321	16
8323	1
8325	14
8328	31
8330	17
8331	16
8332	1
8334	3
8335	1
8337	9
8339	1
8341	11
8345	2
8348	5
8350	2
8351	14
8355	3
8356	4
8358	1
8359	22
8360	19
8361	1
8362	4
8363	11
8364	5
8365	42
8366	32
8367	7
8368	6
8370	2
8372	2
8373	13
8375	2
8376	4
8378	6
8381	9
8382	8
8383	1
8384	1
8386	5
8389	26
8391	5
8392	8
8393	4
8395	2
8396	1
8397	2
8398	2
8400	1
8402	9
8405	1
8406	7
8408	1
8409	3
8412	27
8415	4
8416	3
8417	9
8419	2
8420	20
8421	27
8422	2
8424	28
8425	4
8426	1
8427	18
8428	14
8429	14
8434	60
8436	15
8437	3
8442	2
8443	4
8445	2
8448	1
8450	18
8452	2
8454	21
8455	1
8456	6
8457	3
8458	18
8461	1
8463	4
8465	1
8467	9
8469	1
8470	2
8473	42
8474	3
8476	23
8477	5
8479	3
8481	3
8482	16
8485	18
8487	6
8488	4
8489	10
8491	2
8492	2
8495	2
8497	6
8498	5
8500	3
8503	73
8504	8
8505	1
8506	25
8511	1
8513	8
8514	24
8515	3
8518	1
8519	1
8520	3
8526	1
8531	3
8534	24
8537	27
8538	3
8541	1
8542	24
8543	26
8545	6
8546	30
8547	5
8548	3
8549	14
8550	12
8551	15
8556	57
8558	20
8559	6
8562	1
8565	1
8567	1
8572	18
8574	2
8575	2
8576	14
8578	12
8580	34
8585	18
8589	8
8591	1
8592	1
8595	53
8598	23
8599	2
8603	3
8604	8
8605	15
8607	16
8609	13
8610	39
8611	12
8612	17
8617	56
8619	13
8620	2
8622	1
8625	5
8626	4
8628	1
8633	8
8635	2
8636	1
8637	36
8638	3
8639	1
8640	22
8641	18
8644	1
8646	2
8648	9
8650	5
8652	1
8653	8
8656	37
8659	18
8660	11
8664	27
8665	27
8667	4
8668	37
8669	5
8670	3
8671	8
8672	8
8673	4
8678	57
8680	1
8681	4
8686	1
8689	1
8694	29
8696	2
8697	1
8698	9
8699	1
8700	3
8701	1
8702	1
8707	18
8711	7
8717	52
8718	3
8720	24
8721	1
8725	3
8726	19
8727	2
8729	22
8730	4
8731	14
8732	13
8733	9
8734	3
8735	1
8739	12
8741	1
8742	3
8745	1
8747	52
8748	5
8750	26
8755	8
8757	1
8758	17
8759	9
8760	1
8761	1
8764	1
8768	1
8770	1
8775	3
8778	26
8779	4
8781	21
8782	1
8783	1
8784	2
8786	17
8787	14
8789	12
8790	5
8791	2
8792	40
8793	8
8794	18
8795	2
8797	15
8798	1
8799	2
8800	9
8802	2
8803	4
8805	15
8808	6
8809	13
8810	1
8811	1
8813	8
8814	1
8816	28
8818	13
8819	18
8821	1
8822	3
8823	2
8824	1
8825	9
8829	11
8836	16
8838	3
8839	17
8843	2
8844	5
8847	23
8848	28
8850	3
8851	42
8852	7
8853	3
8854	9
8855	13
8856	4
8861	53
8864	2
8869	5
8870	1
8877	29
8878	1
8879	3
8881	9
8884	1
8886	1
8890	9
8892	1
8894	6
8897	1
8900	40
8901	5
8903	23
8904	2
8908	13
8909	23
8910	8
8911	1
8912	30
8913	3
8914	6
8915	22
8916	5
8917	12
8922	66
8923	1
8924	12
8925	2
8930	6
8931	7
8935	1
8938	24
8940	2
8942	31
8943	1
8944	2
8945	2
8946	12
8949	1
8951	5
8953	5
8955	8
8958	4
8960	1
8961	37
8962	2
8964	18
8965	11
8969	12
8970	15
8971	1
8972	4
8973	22
8974	4
8975	42
8976	40
8977	15
8978	5
8979	1
8980	2
8982	1
8983	11
8985	3
8986	2
8987	1
8988	6
8991	15
8992	16
8994	1
8996	2
8999	31
9001	7
9002	7
9003	21
9005	3
9007	2
9008	3
9010	1
9011	1
9012	8
9014	5
9016	5
9017	1
9018	1
9019	16
9022	18
9025	11
9026	7
9027	15
9030	2
9031	1
9033	22
9034	3
9036	56
9037	4
9039	4
9044	15
9046	2
9047	17
9051	1
9052	20
9053	2
9054	18
9055	2
9060	6
9061	1
9063	12
9064	3
9066	22
9073	23
9080	3
9083	51
9086	6
9087	12
9088	1
9091	2
9092	7
9093	19
9095	19
9097	12
9098	46
9099	23
9100	9
9104	6
9105	53
9107	18
9108	1
9110	1
9113	7
9114	17
9116	3
9121	4
9123	1
9124	2
9125	24
9127	2
9128	23
9129	4
9136	6
9138	11
9141	5
9144	28
9145	3
9147	20
9148	12
9151	1
9152	20
9153	25
9154	1
9155	1
9156	29
9157	5
9158	4
9159	24
9160	9
9161	15
9166	52
9168	24
9169	4
9170	1
9171	1
9174	3
9175	4
9177	2
9182	17
9184	1
9186	20
9188	9
9189	4
9190	25
9195	5
9197	1
9199	8
9201	1
9202	5
9205	46
9208	21
9209	4
9211	3
9213	14
9214	22
9215	4
9217	24
9219	28
9220	6
9221	22
9222	5
9223	1
9224	3
9226	2
9227	2
9230	1
9232	14
9235	22
9236	23
9238	3
9240	8
9243	3
9245	17
9246	12
9247	6
9248	2
9249	2
9250	3
9252	3
9256	5
9258	3
9260	2
9263	13
9266	9
9269	17
9270	5
9273	1
9274	23
9275	29
9277	1
9278	35
9279	8
9280	2
9281	6
9282	16
9283	4
9288	55
9291	1
9293	1
9296	4
9299	1
9304	29
9308	5
9309	1
9311	1
9313	1
9317	11
9321	8
9327	47
9328	5
9330	26
9331	2
9333	4
9334	1
9335	23
9336	26
9339	12
9340	3
9341	31
9342	19
9343	19
9344	1
9346	6
9348	5
9349	6
9354	20
9357	16
9358	23
9362	18
9365	18
9367	27
9368	19
9369	1
9371	2
9372	1
9373	1
9374	10
9376	1
9378	4
9380	1
9385	4
9388	3
9391	11
9392	3
9393	8
9396	3
9397	2
9398	1
9399	21
9400	1
9402	49
9403	1
9405	12
9406	1
9407	1
9410	9
9413	16
9414	1
9417	1
9418	13
9420	8
9421	3
9424	1
9426	14
9427	1
9428	1
9429	9
9432	18
9433	1
9435	1
9439	20
9440	1
9446	14
9449	42
9452	4
9453	11
9454	1
9457	10
9458	12
9460	7
9461	15
9462	4
9463	32
9464	39
9465	5
9466	8
9468	2
9470	1
9471	20
9473	1
9474	7
9479	7
9480	8
9482	2
9487	27
9488	1
9489	1
9490	2
9491	1
9492	1
9493	7
9494	1
9495	4
9496	1
9500	15
9502	2
9504	10
9506	1
9507	2
9510	42
9513	7
9514	4
9515	6
9519	2
9520	22
9522	13
9524	12
9525	40
9526	17
9527	4
9531	5
9532	43
9534	4
9535	1
9540	10
9541	19
9543	9
9546	1
9548	3
9550	2
9551	1
9552	23
9553	1
9554	1
9555	23
9557	1
9561	1
9563	3
9565	13
9568	4
9571	28
9572	3
9574	35
9575	15
9577	7
9579	25
9580	25
9583	8
9584	1
9585	27
9586	4
9587	34
9588	2
9589	1
9590	6
9592	5
9593	2
9595	1
9598	23
9601	15
9602	21
9606	18
9609	5
9611	38
9612	22
9615	2
9616	1
9618	13
9622	3
9632	2
9635	2
9637	8
9639	2
9640	21
9641	18
9643	8
9644	38
9645	2
9646	8
9647	18
9648	7
9649	5
9651	1
9654	55
9656	3
9657	10
9658	1
9663	2
9665	3
9670	26
9674	10
9676	9
9677	1
9678	12
9683	22
9687	7
9693	57
9694	1
9696	19
9697	2
9699	1
9701	14
9702	9
9704	11
9705	5
9706	1
9707	41
9708	12
9709	8
9710	8
9711	1
9712	12
9715	8
9717	4
9718	4
9720	4
9723	5
9724	11
9725	2
9726	2
9728	6
9731	23
9732	1
9733	7
9734	10
9735	1
9737	8
9738	2
9740	8
9742	1
9744	12
9748	1
9749	1
9751	31
9753	3
9754	22
9757	2
9758	5
9762	23
9763	26
9764	1
9765	1
9766	29
9767	2
9768	1
9769	13
9770	11
9771	18
9776	64
9778	23
9779	3
9781	1
9782	2
9784	2
9785	1
9787	1
9789	1
9792	14
9794	1
9795	3
9796	20
9797	1
9798	10
9799	1
9800	28
9803	1
9805	9
9809	7
9811	1
9812	2
9815	47
9818	23
9819	2
9821	4
9823	6
9824	13
9827	17
9829	9
9830	3
9831	17
9834	2
9836	1
9837	2
9839	1
9840	4
9842	10
9845	66
9846	12
9848	18
9853	4
9854	1
9855	18
9856	21
9857	5
9859	1
9862	5
9867	1
9868	1
9873	2
9876	25
9879	22
9880	4
9881	1
9883	1
9884	3
9885	23
9888	21
9889	2
9890	8
9891	11
9892	11
9893	1
9898	22
9901	1
9903	1
9904	1
9906	53
9907	5
9909	18
9914	11
9916	2
9917	17
9918	26
9920	1
9923	2
9926	1
9927	2
9929	5
9934	2
9935	1
9937	20
9938	6
9940	17
9941	6
9942	1
9945	2
9946	12
9948	19
9949	17
9951	47
9952	5
9953	2
9954	9
9956	1
9959	26
9962	11
9963	1
9965	1
9967	12
9968	1
9969	2
9970	4
9975	16
9976	2
9977	1
9978	5
9979	2
9981	15
9984	1
9988	19
9992	1
9995	5
9998	46
9999	4
10001	13
10002	8
10003	1
10004	1
10005	1
10006	8
10007	24
10008	4
10010	21
10012	35
10013	18
10014	16
10015	7
10016	1
10017	4
10019	1
10020	11
10022	3
10023	1
10025	8
10026	1
10028	20
10029	20
10031	1
10033	4
10036	5
10038	15
10039	9
10040	11
10041	1
10042	2
10043	2
10045	3
10049	6
10051	8
10053	3
10056	17
10059	11
10062	12
10063	4
10064	1
10066	1
10067	12
10068	13
10069	1
10070	2
10071	24
10072	5
10073	16
10074	9
10075	7
10076	5
10078	2
10081	37
10083	2
10084	1
10087	1
10089	34
10090	7
10092	14
10094	1
10097	18
10100	7
10101	8
10103	2
10106	2
10110	10
10113	1
10117	6
10120	28
10121	5
10123	16
10124	5
10128	1
10129	4
10130	19
10132	22
10134	8
10135	35
10136	4
10137	11
10141	4
10142	51
10144	19
10145	2
10148	1
10150	3
10151	11
10153	1
10158	7
10160	1
10161	1
10162	25
10163	1
10164	3
10165	23
10166	10
10167	1
10173	4
10175	7
10178	4
10181	31
10182	1
10184	20
10185	14
10188	2
10189	15
10190	17
10192	6
10193	13
10194	5
10195	25
10196	28
10197	5
10198	13
10200	1
10202	1
10203	31
10205	14
10206	10
10208	1
10209	2
10211	7
10212	3
10214	2
10219	19
10221	3
10222	1
10223	10
10225	10
10226	1
10227	28
10232	18
10236	11
10238	1
10242	49
10245	7
10246	4
10247	1
10250	1
10251	4
10252	22
10254	24
10255	1
10256	13
10257	42
10258	23
10259	9
10263	3
10264	43
10266	16
10267	2
10269	1
10272	4
10273	12
10275	2
10279	1
10280	4
10282	1
10283	1
10284	27
10286	1
10287	23
10288	11
10295	7
10297	6
10299	1
10300	2
10303	29
10304	2
10306	21
10307	11
10310	2
10311	26
10312	30
10314	3
10315	39
10316	5
10317	1
10318	7
10319	17
10320	9
10325	58
10327	2
10328	2
10331	1
10333	3
10336	2
10341	25
10345	8
10347	2
10349	2
10350	1
10354	9
10358	8
10364	50
10365	5
10367	24
10368	2
10370	1
10373	2
10374	23
10376	13
10378	17
10379	50
10380	23
10381	9
10383	1
10385	6
10386	44
10389	2
10391	1
10394	7
10395	17
10401	1
10402	2
10404	1
10406	24
10409	25
10411	1
10417	3
10419	17
10422	5
10425	24
10428	26
10429	14
10430	2
10433	4
10434	12
10436	4
10437	19
10438	5
10439	21
10440	13
10441	5
10442	5
10443	1
10447	14
10450	3
10453	1
10455	42
10456	7
10458	10
10463	15
10466	6
10467	3
10468	1
10469	5
10470	2
10472	1
10476	10
10478	2
10479	2
10483	25
10486	18
10487	4
10489	10
10490	3
10494	2
10495	1
10497	24
10498	4
10500	47
10501	4
10502	1
10503	7
10505	1
10508	15
10510	1
10511	14
10514	1
10516	17
10517	1
10518	17
10519	4
10524	8
10527	11
10528	2
10530	20
10532	1
10533	1
10537	23
10541	1
10547	49
10550	6
10551	11
10555	19
10556	14
10558	10
10559	15
10560	1
10561	18
10562	21
10563	5
10564	4
10569	38
10571	26
10572	13
10574	1
10575	2
10577	3
10578	2
10580	2
10585	7
10586	2
10589	21
10591	15
10593	39
10598	23
10602	7
10605	1
10608	47
10611	8
10612	3
10615	1
10616	14
10617	26
10618	5
10620	42
10621	3
10622	9
10623	17
10624	7
10625	16
10630	59
10632	4
10633	1
10638	7
10639	5
10646	19
10648	1
10650	23
10651	1
10653	3
10654	2
10655	1
10657	1
10659	4
10661	7
10663	3
10666	4
10669	39
10670	4
10672	26
10673	10
10675	1
10678	5
10679	23
10681	16
10683	23
10684	47
10685	23
10686	10
10687	1
10688	1
10690	6
10691	28
10694	2
10696	1
10699	11
10700	13
10702	1
10704	1
10705	1
10707	3
10710	1
10711	22
10714	24
10716	1
10722	6
10724	15
10727	8
10730	29
10733	25
10734	12
10735	2
10736	1
10737	1
10738	23
10739	15
10741	2
10742	16
10743	5
10744	39
10745	27
10746	16
10747	3
10748	1
10749	4
10750	1
10751	3
10752	13
10754	1
10757	13
10760	14
10761	12
10763	2
10765	9
10768	29
10770	18
10771	16
10772	1
10774	3
10776	1
10777	4
10779	1
10781	7
10783	1
10785	3
10788	3
10791	17
10794	11
10795	2
10796	15
10799	7
10800	4
10802	13
10803	6
10804	1
10805	38
10806	16
10807	4
10808	8
10809	2
10813	18
10816	8
10819	1
10821	25
10822	4
10823	3
10824	2
10829	18
10831	1
10832	3
10833	3
10834	1
10835	11
10838	1
10842	19
10843	2
10847	1
10849	29
10852	24
10853	1
10855	5
10856	4
10857	1
10859	1
10860	10
10861	15
10862	2
10863	3
10864	14
10865	3
10866	21
10867	47
10868	7
10869	22
10871	2
10874	47
10876	13
10877	7
10882	9
10883	10
10885	2
10887	1
10890	16
10891	1
10892	5
10894	18
10895	1
10896	11
10897	4
10898	20
10903	9
10905	5
10907	13
10909	1
10910	6
10913	44
10916	18
10917	9
10918	5
10920	3
10921	24
10922	28
10924	3
10925	39
10926	3
10927	1
10928	18
10929	13
10930	5
10935	55
10937	3
10938	2
10940	1
10943	1
10946	1
10951	26
10955	8
10956	1
10957	2
10960	1
10964	13
10968	8
10974	51
10975	6
10977	24
10978	2
10981	2
10982	23
10983	29
10984	1
10985	4
10986	35
10987	3
10988	1
10989	7
10990	9
10991	12
10993	1
10996	65
10998	8
10999	3
11004	2
11007	3
11009	1
11012	21
11014	1
11016	13
11018	4
11019	1
11020	14
11023	1
11025	15
11029	9
11035	52
11036	3
11038	21
11041	6
11043	18
11044	23
11045	3
11047	18
11049	36
11050	4
11051	21
11052	5
11053	1
11054	3
11056	5
11057	4
11059	2
11060	2
11062	18
11065	21
11066	22
11068	1
11070	14
11073	3
11075	23
11076	20
11077	4
11078	1
11079	2
11080	2
11081	1
11082	7
11086	3
11088	1
11090	2
11093	12
11096	5
11099	17
11100	2
11101	1
11102	1
11104	16
11105	7
11107	11
11108	1
11110	35
11111	5
11112	21
11113	6
11115	8
11116	1
11117	1
11118	14
11120	1
11121	3
11122	1
11123	9
11126	13
11127	20
11128	2
11129	2
11131	9
11132	1
11134	16
11135	1
11136	11
11137	16
11140	9
11141	1
11143	11
11147	13
11154	29
11156	2
11157	18
11160	3
11161	3
11162	4
11166	1
11167	49
11169	45
11171	18
11172	104
11173	41
11174	7
11176	1
11178	10
11179	85
11181	3
11182	2
11184	2
11187	7
11188	35
11190	2
11192	1
11195	3
11197	3
11199	44
11200	1
11202	50
11204	1
11210	8
11212	43
11215	6
11218	50
11219	1
11221	49
11222	23
11223	1
11226	3
11227	17
11228	4
11230	17
11232	12
11233	15
11234	12
11235	1
11236	2
11240	12
11242	1
11243	5
11245	1
11246	1
11248	65
11249	2
11251	31
11256	5
11258	2
11259	28
11260	17
11262	2
11263	2
11271	5
11273	1
11276	8
11279	24
11282	21
11283	8
11285	2
11287	21
11288	20
11290	6
11291	3
11292	4
11293	40
11294	18
11295	20
11296	2
11298	8
11300	6
11301	9
11303	5
11306	23
11309	9
11310	14
11312	1
11314	13
11317	21
11319	21
11320	17
11323	3
11324	1
11325	3
11326	10
11330	9
11337	6
11339	2
11340	2
11344	3
11345	2
11348	1
11349	1
11350	24
11352	23
11354	10
11355	39
11356	24
11357	13
11361	3
11362	56
11364	12
11365	2
11370	2
11371	14
11373	1
11376	1
11378	14
11380	1
11381	2
11382	25
11385	22
11386	10
11389	1
11393	5
11395	7
11397	1
11398	2
11401	29
11404	24
11405	9
11407	7
11409	26
11410	25
11413	1
11415	21
11416	1
11417	40
11418	2
11420	18
11422	5
11423	1
11425	5
11428	22
11431	10
11432	24
11436	19
11439	4
11441	42
11442	22
11446	2
11448	26
11452	2
11459	1
11462	1
11465	3
11466	2
11467	8
11469	2
11470	22
11471	32
11472	1
11473	1
11474	33
11475	3
11476	4
11477	7
11478	12
11479	11
11484	61
11486	4
11487	3
11492	4
11493	1
11495	1
11500	26
11502	1
11503	1
11504	16
11505	3
11506	4
11507	1
11508	8
11511	1
11513	10
11517	10
11520	1
11523	49
11524	4
11526	22
11527	1
11530	1
11531	10
11532	9
11534	20
11535	14
11537	26
11538	16
11539	1
11540	2
11545	32
11547	2
11548	9
11551	1
11553	9
11554	1
11555	3
11556	2
11561	25
11562	1
11565	3
11567	12
11574	24
11578	1
11581	1
11584	48
11585	5
11587	16
11588	7
11592	24
11593	26
11595	8
11596	37
11597	5
11598	5
11599	7
11600	10
11601	5
11606	54
11608	1
11609	3
11612	1
11614	3
11615	1
11616	1
11617	1
11621	1
11622	30
11626	9
11628	7
11630	3
11633	1
11635	16
11639	5
11642	1
11645	53
11646	2
11648	24
11649	3
11652	1
11653	12
11654	7
11656	6
11657	8
11658	4
11659	42
11660	31
11661	10
11662	7
11664	4
11666	3
11667	14
11669	1
11670	8
11672	2
11673	1
11675	9
11676	6
11678	2
11680	2
11683	19
11685	2
11686	2
11688	1
11689	3
11690	1
11691	1
11692	4
11694	1
11696	13
11698	2
11700	9
11703	2
11706	27
11709	1
11710	6
11711	2
11714	17
11715	24
11716	5
11718	39
11719	4
11720	11
11721	21
11722	9
11723	5
11724	1
11728	50
11730	1
11736	7
11737	6
11744	28
11745	1
11746	1
11748	18
11749	1
11750	1
11751	1
11752	1
11753	2
11757	1
11759	5
11761	2
11767	35
11768	6
11770	21
11771	5
11773	2
11776	8
11777	49
11779	27
11781	33
11782	103
11783	44
11784	13
11785	1
11786	2
11788	12
11789	80
11791	2
11792	2
11794	1
11797	16
11798	32
11800	2
11803	1
11805	6
11807	1
11809	47
11812	49
11813	1
11814	2
11820	9
11822	32
11825	6
11828	48
11829	1
11831	50
11832	32
11833	3
11836	26
11837	30
11840	37
11841	4
11842	3
11843	14
11844	13
11845	8
11846	1
11850	64
11852	4
11853	1
11858	4
11859	1
11861	2
11863	1
11865	1
11866	21
11868	1
11870	14
11872	2
11874	4
11875	1
11877	1
11879	8
11881	3
11883	8
11889	45
11890	5
11892	23
11893	7
11897	4
11898	1
11900	25
11901	1
11903	54
11904	5
11906	6
11908	2
11911	14
11913	5
11914	15
11917	1
11919	21
11920	1
11921	17
11922	5
11924	2
11927	5
11930	11
11931	1
11933	23
11940	24
11947	2
11949	1
11950	48
11953	4
11954	11
11956	6
11958	25
11959	26
11962	8
11964	22
11965	1
11966	32
11967	1
11969	5
11971	5
11974	3
11977	25
11980	14
11981	25
11985	15
11988	2
11990	39
11991	21
11992	2
11995	1
11997	19
12001	4
12008	1
12011	3
12016	5
12019	2
12020	20
12023	21
12025	8
12026	10
12027	10
12028	3
12029	2
12033	4
12035	6
12036	4
12039	2
12041	65
12042	4
12044	30
12051	1
12052	23
12053	7
12054	1
12058	1
12062	1
12064	1
12066	1
12069	6
12072	24
12073	2
12075	25
12076	4
12078	6
12080	25
12081	23
12083	3
12084	1
12085	1
12086	30
12087	1
12088	28
12089	3
12091	15
12093	5
12094	5
12096	1
12099	19
12102	9
12103	23
12107	19
12110	11
12111	1
12112	28
12113	21
12117	2
12119	25
12123	6
12130	13
12132	3
12133	4
12136	3
12137	1
12138	5
12141	2
12142	8
12143	18
12145	10
12147	9
12148	25
12149	24
12150	6
12154	1
12155	21
12157	2
12158	3
12160	1
12161	1
12163	20
12164	11
12166	19
12171	3
12174	14
12175	19
12176	1
12177	2
12178	12
12180	1
12186	8
12188	2
12191	9
12194	27
12195	3
12197	19
12198	10
12203	1
12204	50
12206	45
12208	14
12209	113
12210	49
12211	7
12215	12
12216	94
12221	1
12224	4
12225	38
12227	3
12230	1
12232	4
12234	2
12236	47
12238	2
12239	50
12240	2
12241	5
12247	2
12249	46
12252	1
12255	50
12258	49
12259	30
12260	2
12263	10
12264	15
12265	13
12267	25
12268	1
12269	11
12270	28
12271	3
12272	17
12277	49
12279	17
12280	2
12283	2
12285	3
12286	7
12292	1
12293	13
12295	2
12297	26
12298	2
12299	6
12300	11
12301	25
12302	3
12304	1
12306	4
12308	7
12310	6
12312	1
12313	5
12316	44
12319	15
12320	6
12323	2
12324	26
12325	24
12327	5
12328	34
12329	5
12330	1
12331	21
12332	12
12333	5
12338	54
12340	6
12341	3
12346	2
12347	1
12348	1
12349	3
12354	25
12356	2
12358	3
12360	1
12363	1
12367	15
12371	7
12377	54
12378	5
12380	23
12381	1
12383	4
12385	23
12386	14
12387	1
12388	3
12389	6
12391	28
12392	8
12393	22
12394	2
12395	1
12396	7
12397	1
12398	4
12399	6
12401	1
12402	2
12404	13
12407	23
12408	21
12409	1
12410	2
12412	13
12415	11
12417	23
12418	17
12421	1
12422	3
12424	11
12428	7
12429	1
12430	1
12435	19
12438	7
12441	6
12443	2
12445	1
12446	24
12447	26
12448	2
12449	1
12450	39
12451	6
12452	3
12453	11
12454	14
12455	11
12456	1
12459	1
12460	53
12463	2
12468	4
12469	3
12471	1
12476	33
12478	3
12480	10
12481	1
12482	1
12483	1
12485	1
12489	4
12491	1
12493	7
12499	38
12500	6
12502	24
12503	6
12505	2
12507	5
12508	14
12510	1
12511	19
12513	11
12514	9
12515	13
12516	1
12517	1
12518	1
12520	1
12521	2
12523	1
12524	3
12526	3
12527	1
12529	68
12530	12
12532	22
12537	4
12539	3
12540	19
12541	4
12542	1
12543	2
12544	1
12546	3
12557	6
12560	27
12563	25
12564	3
12568	17
12569	13
12570	1
12571	17
12572	30
12574	14
12575	17
12576	1
12577	3
12582	45
12584	4
12585	11
12587	1
12588	1
12590	5
12591	1
12592	2
12593	2
12598	26
12599	1
12602	2
12604	6
12606	1
12611	21
12617	1
12621	58
12622	5
12624	16
12625	8
12629	1
12631	24
12632	1
12633	22
12635	7
12636	51
12637	24
12638	3
12642	6
12643	50
12645	15
12646	1
12648	1
12651	1
12652	18
12653	1
12654	1
12656	1
12657	1
12659	6
12661	1
12663	24
12665	1
12666	24
12667	3
12674	3
12676	20
12682	23
12685	25
12686	10
12689	2
12690	17
12691	22
12692	1
12693	2
12694	21
12695	6
12696	35
12697	32
12698	19
12699	6
12700	2
12701	4
12703	2
12704	10
12706	4
12707	1
12709	10
12712	13
12713	13
12715	1
12717	7
12720	23
12722	6
12723	12
12724	5
12725	1
12726	2
12727	2
12728	1
12729	4
12731	1
12733	3
12735	4
12737	1
12740	10
12743	10
12746	11
12747	4
12748	15
12752	1
12753	25
12755	23
12757	9
12758	48
12759	23
12760	3
12764	6
12765	46
12767	1
12768	1
12773	3
12774	19
12776	1
12779	1
12781	3
12783	1
12785	22
12788	25
12789	1
12790	2
12794	1
12796	3
12798	25
12801	1
12804	22
12807	27
12808	9
12810	7
12812	25
12813	25
12816	3
12818	25
12819	13
12820	26
12821	1
12823	8
12825	5
12826	4
12828	7
12831	23
12834	10
12835	24
12839	18
12842	11
12844	29
12845	19
12848	1
12849	1
12851	14
12855	4
12862	1
12865	2
12868	14
12870	9
12872	2
12873	19
12874	16
12876	7
12877	29
12879	17
12880	13
12881	4
12882	11
12887	42
12889	14
12890	13
12893	1
12895	1
12896	2
12898	3
12900	1
12903	15
12904	1
12905	1
12907	20
12908	3
12909	16
12911	40
12916	27
12918	1
12920	6
12923	1
12926	51
12927	1
12929	12
12930	1
12932	3
12934	16
12935	29
12936	1
12938	25
12940	19
12941	8
12942	25
12943	2
12944	1
12945	4
12947	3
12948	4
12950	5
12951	2
12952	1
12953	13
12956	46
12957	25
12959	8
12961	11
12964	1
12966	17
12967	18
12968	9
12969	1
12970	1
12971	1
12973	6
12977	2
12979	4
12981	1
12984	9
12987	17
12990	14
12991	3
12994	1
12995	15
12996	20
12998	1
12999	35
13000	11
13001	7
13002	25
13003	8
13004	6
13009	51
13011	2
13012	1
13013	1
13017	10
13018	8
13020	2
13025	21
13026	1
13028	1
13029	7
13031	3
13038	11
13042	1
13045	2
13048	34
13049	6
13051	19
13052	5
13055	2
13056	26
13057	27
13059	2
13060	40
13061	4
13062	2
13063	7
13064	9
13065	5
13070	61
13073	4
13075	1
13081	2
13086	26
13090	8
13092	1
13093	1
13094	2
13095	1
13099	18
13103	6
13109	52
13110	5
13112	24
13117	23
13118	24
13120	2
13121	37
13122	5
13123	4
13124	7
13125	11
13126	6
13131	55
13136	1
13139	6
13140	1
13142	2
13147	19
13148	1
13149	1
13151	7
13153	2
13155	1
13156	1
13158	1
13160	13
13162	1
13164	4
13169	1
13170	35
13171	8
13173	22
13174	4
13178	7
13181	13
13182	2
13183	1
13184	45
13185	11
13186	10
13187	14
13188	2
13189	6
13190	1
13192	24
13195	4
13197	3
13200	8
13201	8
13202	4
13203	3
13205	2
13208	14
13210	2
13211	10
13212	5
13214	11
13217	5
13221	10
13223	1
13224	1
13225	3
13228	42
13231	27
13234	3
13235	6
13236	1
13239	2
13240	1
13241	25
13243	17
13245	9
13246	48
13247	19
13248	5
13252	6
13253	54
13255	24
13256	1
13261	1
13262	16
13267	1
13269	2
13271	2
13273	27
13275	2
13276	25
13277	9
13284	3
13286	15
13289	2
13292	29
13295	25
13296	13
13298	8
13300	26
13301	25
13306	22
13307	1
13308	39
13311	18
13313	5
13314	2
13316	1
13319	25
13322	9
13323	26
13327	18
13330	1
13332	44
13333	23
13337	1
13339	27
13343	2
13353	1
13356	1
13358	6
13360	1
13361	20
13362	26
13363	2
13364	1
13365	33
13366	3
13367	5
13368	20
13369	13
13370	21
13372	1
13375	61
13377	14
13378	4
13383	3
13384	7
13391	18
13393	1
13395	19
13397	7
13398	2
13399	21
13402	1
13404	5
13406	4
13408	10
13411	1
13414	43
13415	2
13417	22
13418	4
13422	1
13423	3
13424	19
13426	14
13428	20
13429	42
13430	26
13431	6
13432	1
13433	1
13435	6
13436	39
13438	5
13439	2
13441	2
13444	16
13445	15
13447	2
13450	1
13452	1
13454	2
13456	22
13457	2
13459	25
13461	2
13467	8
13469	13
13472	7
13475	25
13478	24
13479	15
13482	1
13483	21
13484	20
13486	4
13487	11
13488	1
13489	13
13490	16
13491	9
13492	17
13497	38
13499	25
13500	12
13501	1
13503	2
13505	2
13506	1
13508	2
13510	2
13513	10
13514	1
13515	1
13516	1
13517	19
13518	1
13519	11
13521	50
13526	17
13530	10
13532	1
13533	1
13536	50
13539	12
13540	3
13542	2
13543	1
13544	10
13545	25
13546	4
13548	27
13549	1
13550	34
13551	9
13552	19
13553	5
13554	1
13555	2
13557	1
13558	10
13560	9
13561	1
13563	12
13566	25
13567	24
13569	4
13571	7
13574	3
13576	10
13577	12
13578	9
13579	2
13581	1
13583	4
13587	5
13589	11
13591	1
13594	15
13597	9
13600	28
13601	2
13602	2
13605	3
13606	5
13607	20
13609	27
13610	1
13611	9
13612	36
13613	16
13614	10
13618	2
13619	55
13620	1
13621	14
13622	1
13627	4
13628	15
13630	1
13633	1
13635	11
13637	2
13639	25
13640	1
13641	1
13642	21
13643	7
13648	1
13650	3
13652	6
13655	6
13658	41
13659	3
13661	24
13662	12
13666	1
13667	2
13668	23
13670	24
13672	11
13673	50
13674	24
13675	5
13679	4
13680	50
13682	12
13685	1
13688	5
13689	16
13694	1
13696	6
13700	21
13701	1
13702	1
13703	23
13704	6
13705	1
13711	1
13713	16
13716	4
13719	34
13722	21
13723	11
13727	5
13728	2
13730	12
13731	6
13732	2
13733	47
13734	10
13735	5
13736	11
13738	2
13741	9
13743	2
13744	6
13746	2
13747	2
13749	12
13750	5
13751	4
13752	3
13757	26
13759	1
13760	2
13761	6
13762	1
13763	9
13766	2
13770	13
13771	1
13772	2
13774	2
13775	1
13777	37
13780	28
13783	4
13784	7
13785	1
13788	16
13789	12
13791	6
13792	10
13793	4
13794	40
13795	28
13796	8
13797	8
13799	3
13801	2
13802	16
13804	2
13805	6
13807	2
13810	6
13811	3
13813	3
13815	3
13818	17
13820	3
13821	2
13822	3
13824	3
13825	1
13826	1
13827	2
13829	1
13831	14
13833	1
13835	5
13837	1
13838	3
13841	41
13844	4
13845	5
13846	4
13849	3
13850	21
13851	1
13853	21
13855	3
13856	5
13857	15
13858	1
13859	2
13863	3
13865	2
13866	5
13868	2
13871	72
13872	1
13873	1
13874	33
13879	4
13881	1
13882	30
13883	8
13886	1
13888	1
13894	1
13899	1
13902	27
13905	27
13906	5
13908	5
13910	25
13911	25
13914	1
13916	20
13918	41
13919	1
13921	12
13923	5
13924	3
13926	2
13927	1
13929	23
13932	8
13933	26
13937	20
13940	1
13942	45
13943	23
13947	1
13949	29
13953	2
13963	1
13966	3
13968	6
13970	1
13971	26
13972	29
13974	2
13975	38
13976	4
13977	2
13978	14
13979	17
13980	9
13985	58
13988	2
13993	2
13996	2
14000	1
14001	23
14002	1
14005	7
14007	1
14010	4
14014	10
14018	7
14024	50
14025	6
14027	24
14028	4
14032	1
14034	13
14035	2
14036	8
14038	24
14039	45
14040	24
14041	23
14045	2
14046	44
14048	2
14054	7
14055	15
14057	3
14060	1
14062	5
14064	1
14066	20
14067	1
14068	3
14069	23
14070	2
14071	9
14075	1
14077	7
14079	6
14082	6
14085	36
14088	24
14089	13
14091	1
14092	3
14093	26
14094	29
14096	2
14097	38
14098	3
14099	1
14100	6
14101	13
14102	6
14107	59
14109	2
14110	3
14115	2
14118	2
14122	1
14123	25
14127	8
14129	3
14130	1
14131	2
14132	3
14136	12
14140	9
14146	50
14147	5
14149	24
14150	6
14154	1
14155	7
14156	21
14158	16
14160	12
14161	43
14162	19
14163	15
14164	1
14165	1
14167	6
14168	34
14170	5
14171	2
14173	1
14176	14
14177	14
14179	1
14182	1
14184	3
14186	2
14188	24
14191	24
14199	1
14201	12
14204	10
14207	25
14210	24
14211	20
14213	1
14215	11
14216	4
14217	12
14219	22
14221	10
14222	30
14223	4
14224	22
14229	38
14231	13
14232	1
14234	3
14235	1
14237	2
14238	6
14240	1
14243	1
14245	14
14247	1
14249	40
14251	5
14252	16
14253	22
14258	4
14260	8
14262	7
14264	1
14265	5
14268	47
14271	17
14272	11
14273	2
14275	1
14276	10
14277	13
14279	5
14280	26
14281	11
14282	17
14283	20
14284	12
14285	1
14286	2
14290	42
14292	5
14293	3
14298	25
14299	8
14301	3
14306	26
14308	1
14309	2
14310	4
14312	3
14315	1
14319	12
14320	1
14323	1
14326	6
14328	1
14329	32
14330	4
14332	14
14333	3
14336	2
14337	23
14338	25
14340	1
14341	26
14342	3
14343	4
14344	17
14345	9
14346	16
14351	53
14353	18
14354	7
14356	1
14359	2
14360	3
14362	3
14364	1
14367	16
14368	1
14369	2
14371	17
14372	1
14373	7
14375	35
14380	18
14384	8
14386	1
14387	1
14390	59
14393	17
14394	2
14396	1
14397	2
14398	10
14399	14
14400	1
14401	2
14402	16
14403	4
14404	39
14405	32
14406	10
14407	14
14408	2
14409	2
14411	1
14412	15
14414	2
14415	2
14417	3
14420	10
14421	11
14423	2
14425	1
14428	24
14430	4
14431	7
14432	24
14433	1
14434	6
14435	2
14436	2
14437	2
14441	7
14443	8
14445	4
14448	17
14451	17
14452	1
14454	11
14455	13
14456	18
14459	1
14460	5
14462	18
14463	8
14464	1
14465	49
14466	5
14467	2
14468	9
14469	1
14470	1
14473	13
14475	4
14476	13
14479	1
14481	20
14482	4
14483	6
14484	4
14489	17
14490	1
14491	1
14492	6
14494	1
14495	19
14498	1
14502	22
14506	1
14509	15
14511	1
14512	43
14513	4
14515	5
14516	7
14519	2
14520	25
14521	29
14522	1
14524	36
14525	4
14526	2
14527	9
14528	19
14529	9
14534	57
14536	2
14537	3
14539	1
14542	3
14543	1
14545	2
14550	21
14554	18
14556	1
14558	2
14559	1
14560	1
14563	5
14567	10
14573	43
14574	5
14576	25
14577	3
14581	2
14582	1
14584	24
14585	3
14587	49
14588	2
14590	3
14595	31
14597	3
14598	17
14601	1
14603	20
14604	1
14605	17
14606	3
14611	7
14612	1
14613	1
14614	11
14615	2
14617	23
14619	1
14624	23
14627	1
14631	3
14634	49
14637	3
14638	11
14642	13
14643	13
14645	5
14646	10
14647	2
14648	30
14649	28
14650	1
14651	11
14653	3
14656	15
14658	9
14659	11
14662	1
14664	7
14665	3
14667	4
14672	21
14673	1
14674	1
14675	1
14676	6
14677	1
14678	8
14679	1
14680	23
14681	1
14685	23
14689	13
14695	51
14698	5
14699	6
14702	1
14703	25
14704	22
14706	1
14707	42
14708	6
14709	3
14710	19
14711	20
14712	4
14713	1
14717	54
14723	1
14725	4
14726	2
14728	2
14733	22
14735	1
14736	1
14737	10
14739	1
14742	1
14744	1
14746	6
14748	2
14750	6
14756	29
14757	6
14759	23
14760	4
14763	1
14764	23
14765	25
14766	1
14767	3
14768	33
14769	4
14770	2
14771	11
14772	14
14773	9
14778	65
14780	7
14781	2
14782	1
14786	2
14787	2
14788	1
14789	2
14793	1
14794	23
14795	1
14796	2
14798	10
14800	4
14801	1
14802	10
14803	1
14807	11
14809	2
14811	8
14817	52
14818	2
14820	19
14821	2
14823	5
14825	26
14826	23
14828	2
14829	1
14830	2
14831	34
14832	16
14833	22
14834	1
14836	9
14838	6
14839	4
14841	2
14844	26
14847	12
14848	21
14849	1
14852	13
14855	31
14857	24
14858	19
14861	2
14863	1
14864	8
14866	1
14868	4
14872	1
14875	3
14878	2
14881	2
14882	2
14883	4
14884	2
14886	9
14887	17
14890	25
14892	17
14893	5
14894	27
14895	2
14896	2
14897	3
14899	4
14900	5
14903	2
14904	1
14905	13
14908	57
14909	22
14911	13
14913	8
14916	4
14918	18
14919	19
14920	3
14921	2
14922	1
14923	1
14925	6
14929	2
14930	1
14931	3
14936	10
14939	18
14942	21
14943	3
14945	5
14947	25
14948	25
14953	21
14954	2
14955	41
14958	11
14960	5
14961	2
14963	2
14964	1
14966	24
14969	7
14970	25
14974	15
14977	1
14979	41
14980	21
14984	1
14986	26
14990	4
14992	1
15000	2
15003	2
15004	3
15005	6
15007	2
15008	23
15009	22
15011	4
15012	33
15013	5
15014	5
15015	19
15016	8
15017	1
15022	55
15024	6
15025	4
15028	1
15030	1
15031	1
15032	1
15033	4
15036	1
15038	22
15040	3
15042	4
15043	1
15044	3
15045	1
15046	2
15051	14
15055	3
15061	51
15062	5
15064	21
15065	2
15067	1
15070	2
15071	24
15073	15
15075	16
15076	49
15077	26
15078	12
15080	1
15082	6
15083	42
15085	2
15086	2
15088	1
15091	12
15092	15
15094	2
15096	1
15099	3
15101	1
15103	22
15106	25
15108	1
15114	4
15116	16
15119	3
15122	26
15125	26
15126	14
15130	2
15131	16
15134	19
15136	7
15137	6
15138	11
15139	3
15140	2
15141	1
15144	2
15146	3
15147	4
15149	1
15150	2
15152	71
15153	2
15155	29
15160	4
15162	1
15163	26
15164	10
15165	1
15166	1
15169	2
15172	1
15174	1
15175	1
15180	6
15183	27
15186	25
15187	4
15188	1
15191	1
15192	3
15193	23
15195	19
15197	11
15198	39
15199	17
15200	13
15204	4
15205	63
15207	12
15208	1
15213	1
15214	12
15216	1
15221	4
15223	2
15225	28
15226	1
15227	1
15228	23
15229	15
15234	1
15236	3
15238	9
15240	1
15241	6
15242	1
15244	34
15245	1
15247	22
15248	12
15251	2
15252	16
15253	16
15255	6
15256	35
15257	7
15258	11
15259	4
15260	10
15261	3
15263	1
15266	58
15268	11
15269	6
15271	1
15272	1
15274	1
15275	4
15276	1
15277	2
15282	29
15286	9
15288	2
15290	1
15291	1
15295	18
15298	1
15299	4
15302	2
15305	53
15306	4
15308	17
15309	4
15313	1
15315	24
15317	20
15319	8
15320	40
15321	12
15322	8
15326	4
15327	60
15329	12
15330	1
15335	4
15336	10
15338	1
15341	1
15343	6
15345	3
15347	25
15350	20
15351	12
15356	1
15358	5
15360	11
15362	1
15363	1
15366	36
15367	2
15369	21
15370	17
15374	24
15375	29
15377	2
15378	35
15379	3
15380	1
15381	15
15382	7
15383	12
15385	2
15388	50
15390	28
15391	8
15394	1
15396	2
15397	1
15399	2
15404	10
15406	1
15408	23
15410	11
15412	32
15417	20
15419	5
15421	11
15423	1
15427	56
15430	19
15431	1
15435	13
15436	25
15437	5
15439	37
15440	7
15441	8
15442	18
15443	21
15444	12
15445	1
15448	1
15449	59
15451	4
15457	4
15458	12
15460	3
15464	1
15465	18
15469	22
15471	2
15472	2
15473	4
15478	3
15479	1
15480	11
15482	7
15485	9
15488	36
15489	2
15491	28
15492	3
15495	1
15496	10
15497	8
15499	8
15500	13
15501	3
15502	47
15503	30
15504	2
15505	3
15507	3
15509	2
15510	20
15512	1
15513	10
15515	1
15518	5
15519	8
15523	5
15526	30
15528	2
15529	6
15530	2
15532	6
15534	1
15535	3
15537	1
15539	20
15541	1
15543	1
15546	4
15549	27
15552	1
15553	3
15554	1
15556	1
15557	17
15558	31
15559	1
15561	37
15562	7
15563	3
15564	15
15565	12
15566	10
15571	63
15573	4
15574	1
15575	1
15579	6
15580	9
15582	3
15587	22
15588	1
15589	1
15591	20
15592	1
15600	4
15602	4
15604	8
15607	1
15610	41
15611	3
15613	36
15614	3
15618	5
15619	7
15620	1
15622	23
15623	1
15624	26
15625	15
15626	10
15627	10
15628	6
15629	2
15631	1
15632	7
15635	3
15637	1
15640	47
15641	10
15643	10
15648	1
15650	8
15651	10
15652	17
15655	2
15656	1
15657	4
15661	3
15662	1
15663	8
15668	27
15671	27
15674	24
15675	5
15676	1
15678	1
15679	9
15680	5
15681	1
15682	3
15683	12
15685	44
15686	10
15687	15
15688	10
15689	2
15691	1
15692	1
15693	20
15695	3
15696	5
15697	1
15698	2
15701	22
15702	8
15703	1
15704	1
15706	1
15709	12
15711	3
15712	1
15713	7
15714	1
15715	3
15716	2
15718	6
15720	1
15722	9
15724	1
15729	46
15732	18
15735	3
15736	9
15740	16
15741	11
15742	1
15743	6
15744	32
15745	4
15746	11
15747	9
15748	3
15749	3
15750	1
15751	1
15754	48
15756	2
15757	5
15762	4
15763	1
15765	2
15770	22
15771	1
15773	6
15774	1
15776	11
15777	1
15778	5
15783	19
15785	1
15787	1
15791	1
15793	50
15794	1
15796	15
15797	4
15801	21
15802	17
15804	10
15805	35
15806	4
15807	4
15808	6
15809	6
15810	10
15815	56
15817	1
15818	5
15823	2
15824	2
15826	2
15830	1
15831	31
15833	1
15835	7
15837	7
15838	1
15839	1
15840	1
15844	21
15846	1
15848	3
15854	45
15855	2
15857	18
15858	2
15861	1
15862	11
15863	5
15865	11
15866	18
15867	2
15868	29
15869	15
15870	5
15871	1
15876	45
15877	1
15878	13
15879	13
15884	6
15885	3
15887	4
15892	12
15893	1
15896	21
15898	19
15900	28
15905	23
15907	1
15909	5
15912	1
15915	52
15918	11
15919	7
15922	1
15923	25
15924	30
15925	1
15926	1
15927	28
15928	2
15929	3
15930	16
15931	9
15932	16
15936	2
15937	55
15939	20
15940	2
15941	1
15943	1
15946	2
15948	1
15953	13
15955	2
15957	20
15959	6
15960	2
15961	26
15966	12
15970	7
15972	1
15973	2
15976	47
15979	21
15983	1
15984	16
15985	15
15987	5
15988	8
15989	3
15990	40
15991	35
15992	9
15993	3
15995	3
15998	17
16000	1
16001	3
16002	1
16003	1
16006	9
16007	6
16008	1
16009	1
16011	3
16014	28
16016	4
16017	5
16018	4
16020	4
16022	1
16023	3
16025	1
16027	13
16029	5
16031	8
16034	4
16037	22
16040	6
16041	2
16042	14
16045	2
16046	2
16047	1
16048	14
16049	4
16051	45
16052	7
16054	14
16055	2
16056	9
16059	17
16061	1
16062	13
16064	1
16067	15
16068	5
16069	6
16070	2
16073	1
16075	9
16076	2
16078	5
16079	2
16081	16
16084	2
16088	24
16089	2
16090	2
16091	1
16092	3
16095	18
16098	32
16101	11
16102	8
16105	1
16106	21
16107	18
16109	8
16110	10
16111	1
16112	18
16113	20
16114	3
16115	10
16119	1
16120	49
16122	25
16123	11
16126	2
16129	1
16131	1
16136	8
16137	1
16139	1
16140	20
16142	15
16144	46
16149	23
16151	1
16153	5
16155	1
16159	55
16162	10
16166	2
16167	25
16168	31
16170	2
16171	39
16172	8
16173	7
16174	23
16175	11
16176	6
16181	55
16184	1
16189	2
16192	2
16197	22
16199	1
16200	1
16201	10
16204	1
16206	1
16210	8
16214	8
16220	37
16221	4
16223	26
16224	1
16226	3
16227	1
16228	18
16229	18
16230	2
16231	1
16232	17
16233	2
16234	32
16235	26
16236	20
16237	2
16238	1
16239	2
16241	3
16242	10
16244	3
16247	12
16248	1
16250	14
16251	18
16255	12
16258	16
16260	18
16261	15
16262	10
16264	2
16265	1
16267	12
16269	1
16271	4
16273	6
16275	2
16278	6
16281	6
16284	15
16286	18
16288	1
16289	24
16290	23
16292	6
16293	19
16294	3
16295	3
16296	18
16297	6
16298	13
16303	45
16305	21
16306	6
16309	2
16311	3
16312	1
16314	2
16319	9
16320	1
16323	21
16324	1
16325	15
16326	1
16327	38
16328	1
16332	19
16336	6
16338	1
16339	1
16342	60
16345	14
16346	1
16349	1
16350	10
16351	8
16353	19
16354	12
16356	30
16357	18
16358	2
16359	7
16361	9
16364	36
16366	20
16367	16
16370	1
16372	4
16373	1
16375	3
16380	9
16381	1
